2,0,13.756,0,3.98
4,1,0.5,1,6
3,1,6,1,11.4875
1,1,11.4875,1,14.2315
2,1,14.2315,2,3.7315
3,2,3.7315,2,9.219
4,2,9.911,2,15.399
3,2,15.399,3,2.1425
4,3,2.1425,3,4.899
2,3,4.899,3,9.6945
4,3,10.3865,3,13.1305
1,3,13.1305,0,0
3,4,5.374,0,0
2,4,8.118,4,12.2335
2,4,13.618,0,0
1,5,0.361999999999995,5,3.798
4,6,8.389,0,0
1,6,10.7865,0,3.98
2,6,10.7865,8,0.835999999999999
3,7,0.299000000000007,0,0
1,7,3.05500000000001,0,0
4,7,8.5675,0,0
3,7,11.3235,7,13.3875
4,7,14.08,8,0.835999999999999
1,8,0.835999999999999,0,0
2,8,3.592,0,0
4,8,6.3485,0,0
3,8,9.1045,0,0
1,8,11.8605,0,0
2,8,14.617,0,0
3,9,1.37299999999999,0,0
2,9,4.12899999999999,0,0
1,9,4.12899999999999,0,0
4,9,6.88550000000001,10,12.7
1,9,12.373,0,0
3,9,15.055,10,5.14850000000001
2,10,5.14850000000001,0,0
1,10,7.88,10,12.7
2,10,12.7,0,0
3,11,1.16200000000001,0,0
4,11,4.94399999999999,0,0
3,11,6.31549999999999,0,0
1,11,7.6875,0,0
4,11,10.098,0,0
3,11,15.9315,0,0
1,12,2.63800000000001,14,9.29900000000001
2,12,2.63800000000001,12,8.47200000000001
4,12,8.47200000000001,12,13.626
3,12,13.626,0,0
2,13,0.715499999999992,13,3.126
4,13,6.327,13,10.529
2,13,11.9135,14,1.05500000000001
3,14,1.05500000000001,14,3.79900000000001
4,14,3.79900000000001,14,6.55500000000001
2,14,6.55500000000001,14,9.29900000000001
3,14,11.9935,0,0
4,14,14.7,16,4.61349999999999
1,14,14.7,0,0
2,15,6.15299999999999,0,0
3,15,9.5145,15,15.0395
1,15,15.0395,16,1.80799999999999
2,16,1.80799999999999,16,4.57650000000001
1,16,4.57650000000001,0,0
3,16,4.57650000000001,0,0
4,16,7.31999999999999,0,0
4,16,8.69200000000001,0,0
1,16,10.064,0,0
2,16,11.436,0,0
2,16,12.808,17,10.5395
4,16,15.5515,0,0
3,17,3.68000000000001,17,7.7955
1,17,7.7955,17,10.5395
4,17,10.5395,0,0
3,17,10.5395,19,0.514499999999998
1,17,13.2955,0,0
1,17,14.6675,0,0
2,18,0.0394999999999754,0,0
4,18,2.78300000000002,0,0
1,18,8.27100000000002,0,0
2,18,11.027,19,0.514499999999998
4,18,12.399,0,0
1,18,13.771,0,0
4,18,15.1425,0,0
1,19,0.514499999999998,0,0
4,19,3.25850000000003,0,0
4,19,4.63049999999998,0,0
2,19,6.00200000000001,0,0
3,19,7.38650000000001,0,0
3,19,8.75850000000003,0,0
2,19,11.502,0,0
4,19,12.874,0,0
3,19,14.246,0,0
1,20,0.990000000000009,0,0
3,20,2.36200000000002,0,0
2,20,3.74599999999998,0,0
4,20,3.74599999999998,0,0
4,20,6.0575,0,0
1,20,6.0575,0,0
2,20,7.86200000000002,0,0
3,20,9.23349999999999,0,0
1,20,10.6055,0,0
4,20,11.9775,0,0
3,20,11.9775,0,0
2,20,13.3495,0,0
4,20,14.7215,0,0
1,20,14.7215,0,0
3,21,0.105500000000006,0,0
1,21,1.47750000000002,0,0
2,21,1.47750000000002,0,0
3,21,2.84949999999998,0,0
4,21,4.22149999999999,0,0
2,21,4.22149999999999,0,0
4,21,5.59350000000001,0,0
1,21,6.96499999999997,0,0
2,21,6.96499999999997,0,0
3,21,8.33699999999999,0,0
2,21,8.33699999999999,0,0
1,21,9.709,0,0
3,21,9.709,0,0
2,21,11.081,0,0
4,21,11.081,0,0
4,21,12.465,0,0
3,21,12.465,0,0
1,21,12.465,0,0
1,21,13.862,0,0
1,22,0.605500000000006,0,0
1,22,3.34949999999998,0,0
1,22,4.72149999999999,0,0
2,22,7.46499999999997,0,0
3,22,7.46499999999997,0,0
4,22,7.46499999999997,0,0
4,22,8.87400000000002,0,0
4,22,11.6425,0,0
3,22,13.0515,0,0
1,22,13.0515,0,0
4,22,13.991,0,0
1,22,14.4605,0,0
2,22,14.9305,0,0
3,22,15.8575,0,0
1,23,0.79649999999998,0,0
4,23,1.26650000000001,0,0
3,23,1.73599999999999,0,0
1,23,2.6755,0,0
2,23,2.6755,0,0
2,23,3.94850000000002,0,0
1,23,5.22149999999999,0,0
4,23,6.50650000000002,0,0
4,23,7.77999999999997,0,0
2,23,9.1515,0,0
3,23,10.5235,0,0
3,23,11.8955,0,0
2,23,13.2675,0,0
2,23,14.6395,0,0
1,24,0.0110000000000241,0,0
3,24,0.70350000000002,0,0
1,24,1.38299999999998,0,0
4,24,1.38299999999998,0,0
3,24,2.755,0,0
4,24,2.755,0,0
1,24,3.447,0,0
2,24,4.1395,0,0
4,24,4.81900000000002,0,0
3,24,5.51100000000002,0,0
1,24,6.19099999999997,0,0
3,24,6.88299999999998,0,0
4,24,7.56299999999999,0,0
1,24,8.255,0,0
3,24,8.255,0,0
2,24,8.255,0,0
1,24,9.62700000000001,0,0
2,24,9.62700000000001,0,0
1,24,12.371,0,0
3,24,12.371,0,0
4,24,12.371,0,0
4,24,15.1145,0,0
3,24,15.1145,0,0
2,24,15.1145,0,0
3,25,0.486499999999978,0,0
4,25,0.486499999999978,0,0
2,25,3.23050000000001,0,0
4,25,3.23050000000001,0,0
1,25,3.23050000000001,0,0
3,25,4.61450000000002,0,0
2,25,4.61450000000002,0,0
4,25,7.35849999999999,0,0
1,25,7.35849999999999,0,0
1,25,8.73050000000001,0,0
3,25,8.73050000000001,0,0
4,25,8.73050000000001,25,14.218
2,25,9.64499999999998,0,0
1,25,10.5595,0,0
3,25,11.474,0,0
1,25,12.389,0,0
2,25,13.3035,0,0
3,25,14.218,0,0
1,25,14.218,0,0
2,25,14.91,0,0
3,25,15.59,0,0
4,26,0.281999999999982,0,0
1,26,0.97399999999999,0,0
2,26,0.97399999999999,0,0
3,26,2.346,0,0
2,26,2.346,0,0
1,26,3.02600000000001,0,0
4,26,3.71800000000002,0,0
2,26,3.71800000000002,0,0
3,26,4.39800000000002,0,0
2,26,5.08999999999997,0,0
1,26,5.76949999999999,0,0
3,26,6.46199999999999,0,0
4,26,6.46199999999999,0,0
2,26,7.37650000000002,0,0
3,26,7.83350000000002,0,0
4,26,8.291,0,0
2,26,9.20549999999997,0,0
1,26,9.20549999999997,0,0
4,26,10.59,0,0
3,26,11.047,0,0
1,26,11.5045,0,0
2,26,12.419,0,0
3,26,12.419,0,0
4,26,13.111,0,0
2,26,13.8035,0,0
1,26,14.483,0,0
3,26,15.1755,0,0
2,27,0.547000000000025,0,0
3,27,0.547000000000025,0,0
4,27,1.22699999999998,0,0
1,27,1.91899999999998,0,0
2,27,2.59899999999999,0,0
1,27,3.291,0,0
3,27,4.19349999999997,0,0
2,27,4.19349999999997,0,0
1,27,4.88549999999998,0,0
3,27,5.565,0,0
4,27,6.25749999999999,0,0
2,27,6.93700000000001,0,0
1,27,6.93700000000001,0,0
2,27,8.30900000000003,0,0
3,27,8.30900000000003,0,0
4,27,9.00099999999998,0,0
3,27,9.69349999999997,0,0
1,27,9.69349999999997,0,0
2,27,10.373,0,0
1,27,11.065,0,0
3,27,11.745,0,0
4,27,12.437,0,0
2,27,12.437,0,0
1,27,13.3515,0,0
3,27,13.809,0,0
4,27,14.2665,0,0
2,27,15.181,0,0
1,27,15.181,0,0
3,27,15.8605,0,0
1,28,0.552999999999997,0,0
4,28,1.245,0,0
1,28,1.92450000000002,0,0
3,28,1.92450000000002,0,0
2,28,2.61700000000002,0,0
3,28,3.29649999999998,0,0
1,28,3.98899999999998,0,0
2,28,4.66849999999999,0,0
4,28,4.66849999999999,0,0
1,28,6.04050000000001,0,0
4,28,6.04050000000001,0,0
3,28,6.73250000000002,0,0
4,28,7.42450000000002,0,0
2,28,8.10449999999997,0,0
3,28,8.79649999999998,0,0
1,28,9.47649999999999,0,0
4,28,10.1685,0,0
2,28,10.1685,0,0
1,28,10.8485,0,0
4,28,11.5405,0,0
3,28,12.22,0,0
2,28,12.9125,0,0
1,28,12.9125,0,0
2,28,14.2845,0,0
3,28,14.2845,0,0
4,28,14.9765,0,0
3,28,15.656,0,0
1,28,15.656,0,0
2,29,0.348500000000001,0,0
4,29,1.02800000000002,0,0
3,29,1.72000000000003,0,0
1,29,2.39999999999998,0,0
2,29,2.39999999999998,0,0
4,29,3.327,0,0
1,29,3.78449999999998,0,0
2,29,4.24149999999997,0,0
3,29,5.15600000000001,0,0
4,29,5.15600000000001,0,0
2,29,6.07100000000003,0,0
1,29,6.52800000000002,0,0
4,29,6.9855,0,0
3,29,7.89999999999998,0,0
2,29,7.89999999999998,0,0
1,29,8.57999999999998,0,0
3,29,9.27199999999999,0,0
2,29,9.964,0,0
4,29,10.644,0,0
2,29,12.0155,0,0
4,29,12.0155,0,0
3,29,12.708,0,0
1,29,13.3875,0,0
2,29,14.08,0,0
1,29,14.7595,0,0
3,30,0.144000000000005,0,0
2,30,0.144000000000005,0,0
4,30,0.823500000000024,0,0
2,30,1.51549999999997,0,0
1,30,2.19549999999998,0,0
3,30,2.88749999999999,0,0
4,30,2.88749999999999,0,0
3,30,4.2595,0,0
2,30,4.2595,0,0
1,30,4.93950000000001,0,0
4,30,5.63150000000002,0,0
2,30,5.63150000000002,0,0
3,30,6.32350000000002,0,0
4,30,7.00349999999997,0,0
2,30,7.69549999999998,0,0
1,30,8.37549999999999,0,0
3,30,8.37549999999999,0,0
4,30,9.29000000000002,0,0
2,30,9.74700000000001,0,0
1,30,10.2045,0,0
3,30,11.119,0,0
4,30,11.119,0,0
2,30,11.811,0,0
4,30,12.5035,0,0
1,30,13.183,0,0
4,30,13.8755,0,0
2,30,13.8755,0,0
3,30,14.555,0,0
2,30,15.247,0,0
4,30,15.927,0,0
1,31,0.619000000000028,0,0
3,31,0.619000000000028,0,0
2,31,1.99099999999999,0,0
4,31,1.99099999999999,0,0
1,31,2.68299999999999,0,0
2,31,3.363,0,0
3,31,4.05500000000001,0,0
1,31,4.73500000000001,0,0
4,31,5.42700000000002,0,0
1,31,6.10649999999998,0,0
3,31,6.10649999999998,0,0
3,31,7.4785,0,0
1,31,8.863,0,0
2,31,10.235,0,0
2,31,11.6065,0,0
1,31,12.9785,0,0
2,31,14.3505,0,0
4,31,14.3505,0,0
1,31,15.7225,0,0
3,32,1.09449999999998,0,0
2,32,1.09449999999998,0,0
3,32,2.4665,0,0
2,32,2.4665,0,0
1,32,3.83800000000002,0,0
2,32,5.22250000000003,0,0
1,32,5.90199999999999,32,9.33800000000002
3,32,6.59449999999998,0,0
3,32,7.9665,0,0
4,32,9.33800000000002,32,12.082
1,32,12.082,0,0
2,32,12.082,33,5.00549999999998
3,32,12.9965,0,0
4,32,13.911,0,0
1,32,14.826,0,0
3,32,15.7405,0,0
3,33,4.78300000000002,0,0
4,33,4.78300000000002,0,0
1,33,12.5575,0,0
2,33,15.3135,34,2.0575
3,34,2.0575,34,10.981
4,34,2.0575,0,0
2,34,2.97199999999998,0,0
1,34,3.88649999999996,0,0
4,34,4.80100000000004,0,0
2,34,5.71550000000002,0,0
1,34,6.86500000000001,34,10.981
4,34,10.7585,0,0
2,34,10.7585,0,0
4,34,15.789,0,0
2,35,2.53250000000003,0,0
2,35,3.90449999999998,0,0
3,35,4.59649999999999,35,8.03250000000003
1,35,8.03250000000003,36,0.26400000000001
4,35,8.03250000000003,0,0
3,35,8.947,0,0
2,35,9.86199999999997,0,0
4,35,10.7765000000001,0,0
2,35,11.691,0,0
3,36,0.26400000000001,0,0
4,36,0.26400000000001,0,0
3,36,5.76400000000001,0,0
1,36,5.76400000000001,0,0
4,36,10.572,0,0
2,36,10.572,0,0
1,36,11.2515,0,0
1,36,12.6235,0,0
3,36,13.9955,0,0
2,36,13.9955,37,6.23950000000002
4,36,14.6875,0,0
1,36,15.38,0,0
4,37,6.23950000000002,0,0
1,37,6.23950000000002,0,0
4,37,10.701,0,0
3,37,11.7395,0,0
1,37,11.7395,0,0
2,37,14.4829999999999,0,0
4,38,1.22699999999998,0,0
3,38,1.22699999999998,38,3.971
4,38,3.971,0,0
1,38,3.971,38,12.2145
2,38,4.88549999999998,0,0
4,38,5.79999999999995,0,0
3,38,6.71450000000004,0,0
4,38,7.64149999999995,0,0
3,38,12.2145,39,1.702
4,38,12.2145,0,0
2,39,1.702,39,4.45849999999996
2,39,6.28750000000002,39,9.48900000000003
4,39,9.94600000000003,0,0
3,39,9.94600000000003,40,10.4215
1,39,10.8605,0,0
4,39,11.7755,0,0
1,39,12.6900000000001,0,0
2,39,13.6045,0,0
1,40,2.86950000000002,40,7.67750000000001
2,40,7.67750000000001,40,10.4215
2,40,15.9215,42,0.396499999999946
4,40,15.9215,0,0
3,41,0.836000000000013,0,0
4,41,1.75049999999999,0,0
1,41,2.66499999999996,0,0
3,41,3.58000000000004,0,0
3,41,5.40899999999999,0,0
4,41,8.15300000000002,41,13.653
3,41,8.15300000000002,0,0
3,42,0.396499999999946,42,3.14049999999997
2,42,3.14049999999997,42,5.89649999999995
3,42,5.89649999999995,43,6.37199999999996
1,42,5.89649999999995,0,0
2,42,6.81100000000004,0,0
1,42,7.726,0,0
4,42,8.64049999999997,0,0
2,42,9.55499999999995,0,0
1,42,13.2135,43,4.54250000000002
1,43,6.37199999999996,43,11.8595
4,43,6.37199999999996,0,0
2,43,7.05150000000003,0,0
4,43,7.74400000000003,0,0
3,43,9.1155,43,11.8595
4,43,11.8595,0,0
2,43,11.8595,0,0
1,43,12.5515,0,0
4,43,13.256,0,0
2,43,14.665,0,0
3,43,14.665,0,0
1,43,15.3695,0,0
4,43,15.6045,0,0
3,44,0.0620000000000118,0,0
2,44,0.766499999999951,0,0
1,44,1.471,0,0
4,44,1.471,0,0
3,44,2.88,0,0
2,44,4.27650000000006,0,0
4,44,4.27650000000006,0,0
2,44,5.68550000000005,0,0
1,44,7.09450000000004,0,0
3,44,7.09450000000004,0,0
4,44,7.76199999999994,0,0
1,44,8.44150000000002,0,0
3,44,9.80100000000004,0,0
2,44,9.80100000000004,0,0
1,44,10.481,0,0
4,44,10.7155,0,0
3,44,11.1605,0,0
4,44,11.8405,0,0
1,44,12.52,0,0
2,44,12.52,0,0
3,44,13.9045,0,0
1,44,15.289,0,0
4,44,15.289,0,0
4,45,0.685500000000047,0,0
1,45,2.06949999999995,0,0
3,45,2.06949999999995,0,0
2,45,2.74950000000001,0,0
1,45,3.44150000000002,0,0
3,45,4.81349999999998,0,0
2,45,4.81349999999998,0,0
1,45,5.49350000000004,0,0
4,45,5.72799999999995,0,0
3,45,6.18550000000005,0,0
2,45,6.86500000000001,0,0
4,45,7.5575,0,0
1,45,7.5575,0,0
2,45,8.92899999999997,0,0
3,45,10.301,0,0
1,45,10.301,0,0
1,45,11.673,0,0
3,45,13.045,0,0
2,45,13.045,0,0
1,45,13.7,0,0
2,45,14.3674999999999,0,0
1,45,15.702,0,0
3,45,15.702,0,0
2,46,0.369500000000016,0,0
4,46,0.591999999999985,0,0
3,46,1.03700000000003,0,0
1,46,1.70450000000005,0,0
4,46,2.37199999999996,0,0
2,46,2.37199999999996,0,0
3,46,3.78099999999995,0,0
1,46,5.17750000000001,0,0
4,46,5.17750000000001,0,0
2,46,5.86950000000002,0,0
4,46,7.05600000000004,0,0
1,46,7.94600000000003,0,0
2,46,7.94600000000003,0,0
3,46,8.63800000000003,0,0
2,46,9.33050000000003,0,0
1,46,10.727,0,0
3,46,10.727,0,0
2,46,11.654,0,0
1,46,12.1235,0,0
3,46,13.52,0,0
4,46,13.52,0,0
3,46,14.8920000000001,0,0
1,47,0.26400000000001,0,0
4,47,0.26400000000001,0,0
2,47,0.94399999999996,0,0
1,47,1.63599999999997,0,0
2,47,3.00800000000004,0,0
3,47,3.00800000000004,0,0
1,47,3.70000000000005,0,0
3,47,4.38,0,0
4,47,5.072,0,0
3,47,5.75149999999996,0,0
1,47,5.75149999999996,0,0
2,47,7.12350000000004,0,0
3,47,7.81550000000004,0,0
1,47,8.49549999999999,0,0
4,47,8.49549999999999,0,0
2,47,9.1875,0,0
3,47,9.88,0,0
2,47,10.5595,0,0
1,47,11.2515,0,0
4,47,11.2515,0,0
3,47,11.9315,0,0
2,47,12.6235,0,0
4,47,12.6235,0,0
1,47,13.3035,0,0
3,47,13.9829999999999,0,0
4,47,13.9829999999999,0,0
1,48,6.21450000000004,48,8.95849999999996
4,48,8.95849999999996,0,0
3,48,8.95849999999996,0,0
2,48,10.3425,0,0
3,48,10.3425,0,0
4,48,11.7145,0,0
1,48,11.7145,0,0
2,48,12.3945,0,0
4,48,13.0865,0,0
3,48,13.7665,0,0
1,48,14.4585,0,0
2,48,14.4585,49,3.94600000000003
4,48,15.373,0,0
1,49,0.287500000000023,0,0
3,49,1.202,0,0
4,49,2.11699999999996,0,0
3,49,3.03150000000005,0,0
4,49,3.94600000000003,0,0
1,49,3.94600000000003,0,0
2,49,4.63800000000003,0,0
1,49,5.31799999999998,0,0
3,49,6.00999999999999,0,0
4,49,6.702,0,0
2,49,7.38199999999995,0,0
3,49,8.07399999999996,0,0
4,49,8.07399999999996,0,0
1,49,8.75400000000002,0,0
3,49,9.44600000000003,0,0
2,49,10.126,0,0
4,49,10.818,0,0
3,49,11.498,0,0
1,49,12.1900000000001,0,0
2,49,12.1900000000001,0,0
4,49,12.8819999999999,0,0
2,49,13.562,0,0
3,49,14.254,0,0
4,49,14.9335,0,0
1,49,14.9335,0,0
2,49,15.626,0,0
1,50,0.305500000000052,0,0
3,50,0.998000000000047,0,0
2,50,1.67750000000001,0,0
4,50,2.36950000000002,0,0
3,50,3.06200000000001,0,0
1,50,3.06200000000001,0,0
4,50,3.74149999999997,0,0
2,50,4.43349999999998,0,0
3,50,5.11350000000004,0,0
1,50,5.80550000000005,0,0
2,50,6.4855,0,0
4,50,7.17750000000001,0,0
3,50,7.17750000000001,0,0
1,50,7.85749999999996,0,0
4,50,8.54949999999997,0,0
2,50,9.24149999999997,0,0
4,50,9.92150000000004,0,0
1,50,10.6135,0,0
2,50,11.2935,0,0
1,50,11.9855,0,0
3,50,12.665,0,0
4,50,12.665,0,0
2,50,13.3575,0,0
3,50,14.037,0,0
1,50,14.729,0,0
3,50,15.4215,0,0
2,51,0.100999999999999,0,0
4,51,0.793499999999995,0,0
2,51,1.47299999999996,0,0
1,51,2.16499999999996,0,0
3,51,2.16499999999996,0,0
4,51,2.84500000000003,0,0
1,51,3.53700000000003,0,0
2,51,4.21699999999998,0,0
1,51,4.90899999999999,0,0
3,51,5.601,0,0
2,51,6.28099999999995,0,0
4,51,6.97299999999996,0,0
1,51,7.65300000000002,0,0
3,51,7.65300000000002,0,0
2,51,8.34500000000003,0,0
3,51,9.02449999999999,0,0
1,51,9.71699999999998,0,0
4,51,10.3964999999999,0,0
3,51,11.0890000000001,0,0
4,51,11.7809999999999,0,0
2,51,12.4605,0,0
3,51,13.153,0,0
1,51,13.8325,0,0
4,51,14.5245,0,0
3,51,15.2045000000001,0,0
2,51,15.8964999999999,0,0
1,51,15.8964999999999,0,0
4,52,0.57650000000001,0,0
2,52,1.26850000000002,0,0
3,52,1.96050000000002,0,0
4,52,2.64049999999997,0,0
2,52,3.33249999999998,0,0
3,52,4.01250000000005,0,0
1,52,4.01250000000005,0,0
4,52,4.70450000000005,0,0
3,52,5.3845,0,0
2,52,6.07650000000001,0,0
4,52,6.75599999999997,0,0
1,52,7.44849999999997,0,0
2,52,8.14049999999997,0,0
3,52,8.14049999999997,0,0
4,52,8.82000000000005,0,0
2,52,9.51250000000005,0,0
1,52,10.192,0,0
3,52,10.8845,0,0
1,52,11.564,0,0
2,52,12.256,0,0
3,52,12.936,0,0
1,52,13.628,0,0
4,52,13.628,0,0
2,52,14.3200000000001,0,0
4,52,15,0,0
3,52,15.692,0,0
1,53,0.371999999999957,0,0
4,53,1.06399999999996,0,0
2,53,1.74400000000003,0,0
4,53,2.43600000000004,0,0
3,53,3.1155,0,0
1,53,3.1155,0,0
2,53,3.80799999999999,0,0
3,53,4.5,0,0
4,53,5.17999999999995,0,0
2,53,5.87199999999996,0,0
1,53,5.87199999999996,0,0
3,53,6.55150000000003,0,0
2,53,7.24400000000003,0,0
1,53,7.92349999999999,0,0
4,53,8.6155,0,0
2,53,9.29549999999995,0,0
3,53,9.98749999999995,0,0
1,53,9.98749999999995,0,0
4,53,10.6799999999999,0,0
3,53,11.3595,0,0
1,53,12.0515,0,0
2,53,12.7315,0,0
4,53,13.4235,0,0
3,53,14.1035000000001,0,0
1,53,14.1035000000001,0,0
2,53,14.6845,0,0
4,53,15.253,0,0
3,53,15.8215,0,0
1,54,0.389999999999986,0,0
4,54,0.859500000000025,0,0
2,54,1.53949999999998,0,0
4,54,2.23149999999998,0,0
1,54,2.91099999999994,0,0
3,54,3.60350000000005,0,0
2,54,3.60350000000005,0,0
4,54,4.28300000000002,0,0
1,54,4.51800000000003,0,0
2,54,4.97550000000001,0,0
3,54,5.65499999999997,0,0
4,54,6.34699999999998,0,0
1,54,6.34699999999998,0,0
2,54,7.02700000000004,0,0
1,54,7.71900000000005,0,0
3,54,8.41099999999994,0,0
2,54,9.09100000000001,0,0
4,54,9.09100000000001,0,0
1,54,9.78300000000002,0,0
3,54,10.0055,0,0
4,54,10.463,0,0
2,54,11.155,0,0
3,54,11.835,0,0
1,54,11.835,0,0
4,54,12.4155,0,0
2,54,12.9845,0,0
3,54,13.553,0,0
1,54,14.1335,0,0
4,54,14.591,0,0
3,54,15.271,0,0
2,54,15.963,0,0
1,54,15.963,0,0
3,55,0.642500000000041,0,0
1,55,1.33500000000004,0,0
4,55,2.0145,0,0
3,55,2.24950000000001,0,0
2,55,2.70650000000001,0,0
3,55,3.38649999999996,0,0
4,55,4.07849999999996,0,0
1,55,4.07849999999996,0,0
2,55,4.77099999999996,0,0
1,55,5.45050000000003,0,0
3,55,6.14250000000004,0,0
2,55,6.82249999999999,0,0
4,55,7.5145,0,0
3,55,8.19449999999995,0,0
4,55,8.88649999999996,0,0
1,55,9.56650000000002,0,0
2,55,9.56650000000002,0,0
3,55,10.135,0,0
2,55,10.7035,0,0
4,55,11.2845,0,0
1,55,11.865,0,0
2,55,12.3225,0,0
3,55,13.002,0,0
1,55,13.6944999999999,0,0
3,55,14.374,0,0
4,55,15.0665,0,0
2,55,15.0665,0,0
1,55,15.746,0,0
4,56,0.437999999999988,0,0
2,56,1.13049999999998,0,0
1,56,1.80999999999995,0,0
3,56,1.80999999999995,0,0
4,56,2.39099999999996,0,0
2,56,2.95950000000005,0,0
1,56,3.52800000000002,0,0
3,56,3.9855,0,0
4,56,4.55399999999997,0,0
2,56,5.24599999999998,0,0
3,56,5.92600000000004,0,0
1,56,6.61800000000005,0,0
3,56,7.30999999999995,0,0
4,56,7.30999999999995,0,0
2,56,7.99000000000001,0,0
4,56,8.68200000000002,0,0
1,56,9.36199999999997,0,0
3,56,10.054,0,0
2,56,10.054,0,0
4,56,10.7335,0,0
2,56,11.426,0,0
1,56,12.1055,0,0
4,56,12.798,0,0
3,56,12.798,0,0
2,56,13.49,0,0
3,56,14.1695,0,0
1,56,14.862,0,0
4,56,15.5415,0,0
2,57,0.233500000000049,0,0
3,57,0.233500000000049,0,0
1,57,0.913499999999999,0,0
2,57,1.60550000000001,0,0
4,57,2.28549999999996,0,0
2,57,2.97749999999996,0,0
3,57,3.66949999999997,0,0
1,57,4.34950000000003,0,0
2,57,5.04150000000004,0,0
3,57,5.72149999999999,0,0
4,57,5.72149999999999,0,0
1,57,6.28999999999996,0,0
3,57,6.87099999999998,0,0
2,57,7.43949999999995,0,0
4,57,8.00800000000004,0,0
1,57,8.46500000000003,0,0
3,57,9.0335,0,0
4,57,9.61450000000002,0,0
2,57,9.84950000000003,0,0
1,57,10.529,0,0
3,57,11.2215,0,0
2,57,11.901,0,0
4,57,12.5934999999999,0,0
3,57,13.273,0,0
1,57,13.273,0,0
2,57,13.965,0,0
3,57,14.645,0,0
4,57,15.337,0,0
2,58,0.0289999999999964,0,0
1,58,0.0289999999999964,0,0
3,58,0.708999999999946,0,0
1,58,1.40099999999995,0,0
2,58,2.08100000000002,0,0
4,58,2.77300000000002,0,0
3,58,2.77300000000002,0,0
1,58,3.45299999999997,0,0
4,58,4.14499999999998,0,0
2,58,4.82449999999994,0,0
3,58,5.51700000000005,0,0
1,58,6.20899999999995,0,0
2,58,6.88900000000001,0,0
4,58,7.58100000000002,0,0
1,58,8.26049999999998,0,0
3,58,8.26049999999998,0,0
4,58,8.95299999999997,0,0
1,58,9.63250000000005,0,0
3,58,10.3244999999999,0,0
2,58,11.0045,0,0
4,58,11.6965,0,0
1,58,11.9315,0,0
2,58,12.389,0,0
4,58,13.0685,0,0
3,58,13.0685,0,0
1,58,13.7605,0,0
4,58,14.4405,0,0
2,58,15.1325000000001,0,0
1,58,15.59,0,0
3,58,15.8125,0,0
2,59,0.504500000000007,0,0
4,59,1.18449999999996,0,0
3,59,1.87649999999996,0,0
2,59,2.33349999999996,0,0
4,59,2.56849999999997,0,0
3,59,3.24850000000004,0,0
1,59,3.94050000000004,0,0
4,59,4.62,0,0
3,59,5.07749999999999,0,0
1,59,5.3125,0,0
2,59,5.99199999999996,0,0
3,59,6.68449999999996,0,0
2,59,7.36400000000003,0,0
1,59,7.83349999999996,0,0
3,59,8.05600000000004,0,0
4,59,8.74850000000004,0,0
2,59,9.428,0,0
4,59,10.12,0,0
3,59,10.8,0,0
2,59,11.492,0,0
1,59,11.492,0,0
4,59,12.172,0,0
2,59,12.864,0,0
1,59,13.3215,0,0
3,59,13.544,0,0
2,59,14.236,0,0
4,59,14.236,0,0
1,59,15.1505,0,0
3,59,15.6079999999999,0,0
2,60,0.0650000000000546,0,0
4,60,0.980000000000018,0,0
3,60,0.980000000000018,0,0
1,60,1.89449999999999,0,0
2,60,2.35149999999999,0,0
3,60,2.80899999999997,0,0
2,60,3.72349999999994,0,0
1,60,3.72349999999994,0,0
4,60,3.72349999999994,0,0
3,60,4.41549999999995,0,0
2,60,5.10799999999995,0,0
4,60,6.48000000000002,0,0
3,60,6.48000000000002,0,0
1,60,7.15949999999998,0,0
4,60,7.85149999999999,0,0
3,60,7.85149999999999,0,0
2,60,8.53150000000005,0,0
4,60,9.22349999999994,0,0
1,60,9.22349999999994,0,0
4,60,10.5955,0,0
1,60,11.9675,0,0
3,60,11.9675,0,0
2,60,12.6595,0,0
1,60,13.3395,0,0
2,60,14.711,0,0
3,60,14.711,0,0
4,60,15.4035,0,0
1,61,0.08299999999997,0,0
1,61,1.46749999999997,0,0
4,61,2.14700000000005,0,0
2,61,2.83950000000004,0,0
3,61,2.83950000000004,0,0
1,61,3.51900000000001,0,0
4,61,4.21100000000001,0,0
2,61,4.21100000000001,0,0
4,61,5.58299999999997,0,0
3,61,6.95500000000004,0,0
1,61,6.95500000000004,0,0
2,61,7.64700000000005,0,0
3,61,8.327,0,0
1,61,9.69899999999996,0,0
2,61,9.69899999999996,0,0
3,61,10.391,0,0
1,61,11.071,0,0
3,61,11.763,0,0
2,61,12.4425,0,0
4,61,13.827,0,0
1,61,13.827,0,0
3,61,14.5065,0,0
1,61,15.199,0,0
2,61,15.8785,0,0
1,62,0.571000000000026,0,0
2,62,1.9425,0,0
4,62,1.9425,0,0
1,62,2.62249999999995,0,0
4,62,3.31449999999995,0,0
3,62,4.00649999999996,0,0
4,62,4.68650000000002,0,0
1,62,4.68650000000002,0,0
1,62,6.05849999999998,0,0
2,62,7.43050000000005,0,0
4,62,7.43050000000005,0,0
3,62,8.12249999999995,0,0
2,62,8.80200000000002,0,0
1,62,9.49450000000002,0,0
3,62,10.1865,0,0
4,62,10.1865,0,0
4,62,11.5585,0,0
3,62,12.9305000000001,0,0
2,62,12.9305000000001,0,0
1,62,13.61,0,0
2,62,14.302,0,0
3,62,15.674,0,0
4,62,15.674,0,0
1,62,15.674,0,0
2,63,0.366499999999974,0,0
3,63,1.04600000000005,0,0
2,63,2.41800000000001,0,0
1,63,2.41800000000001,0,0
4,63,3.11000000000001,0,0
1,63,3.78999999999996,0,0
2,63,3.78999999999996,0,0
3,63,4.48199999999997,0,0
4,63,5.16200000000003,0,0
1,63,5.16200000000003,0,0
1,63,6.54600000000005,0,0
4,63,7.91800000000001,0,0
2,63,7.91800000000001,0,0
3,63,8.59799999999996,0,0
4,63,9.28999999999996,0,0
2,63,10.662,0,0
3,63,10.662,0,0
1,63,11.3415,0,0
4,63,12.0335,0,0
2,63,12.0335,0,0
4,63,13.4055,0,0
1,63,14.098,0,0
3,63,14.7775,0,0
2,63,14.7775,0,0
4,63,15.4695,0,0
1,64,0.149499999999989,0,0
3,64,0.149499999999989,0,0
1,64,1.52149999999995,0,0
4,64,2.90549999999996,0,0
2,64,2.90549999999996,0,0
1,64,3.58550000000002,0,0
2,64,4.27750000000003,0,0
3,64,5.64949999999999,0,0
4,64,5.64949999999999,0,0
2,64,6.32899999999995,0,0
4,64,7.02149999999995,0,0
1,64,7.70100000000002,0,0
3,64,8.39350000000002,0,0
4,64,9.76499999999999,0,0
2,64,9.76499999999999,0,0
1,64,10.4575,0,0
4,64,11.1369999999999,0,0
2,64,11.829,0,0
4,64,12.509,0,0
1,64,13.881,0,0
3,64,13.881,0,0
4,64,14.462,0,0
1,64,15.0305,0,0
3,64,15.599,0,0
2,65,0.180000000000064,0,0
1,65,0.636999999999944,0,0
4,65,0.636999999999944,0,0
4,65,2.00900000000001,0,0
3,65,3.38100000000009,0,0
1,65,3.38100000000009,0,0
4,65,3.94949999999994,0,0
2,65,4.53050000000007,0,0
4,65,5.21000000000004,0,0
3,65,5.77849999999989,0,0
1,65,6.1244999999999,0,0
2,65,6.1244999999999,0,0
1,65,7.49649999999997,0,0
2,65,8.86850000000004,0,0
3,65,8.86850000000004,0,0
4,65,9.56050000000005,0,0
2,65,10.2405000000001,0,0
1,65,11.6244999999999,0,0
3,65,11.6244999999999,0,0
2,65,12.1935000000001,0,0
3,65,12.7619999999999,0,0
1,65,13.3305,0,0
4,65,13.9110000000001,0,0
2,65,14.3685,0,0
3,65,14.9369999999999,0,0
1,65,15.518,0,0
4,66,0.0864999999998872,0,0
3,66,0.654999999999973,0,0
1,66,1.11249999999995,0,0
2,66,1.11249999999995,0,0
1,66,2.48450000000003,0,0
2,66,3.85599999999999,0,0
3,66,3.85599999999999,0,0
1,66,4.5485000000001,0,0
2,66,5.22800000000007,0,0
1,66,6.59999999999991,0,0
3,66,6.59999999999991,0,0
4,66,7.29199999999992,0,0
1,66,7.98450000000003,0,0
3,66,8.66399999999999,0,0
2,66,9.35599999999999,0,0
4,66,9.35599999999999,0,0
1,66,10.0360000000001,0,0
4,66,10.7280000000001,0,0
3,66,11.4079999999999,0,0
2,66,12.0999999999999,0,0
1,66,12.0999999999999,0,0
3,66,12.78,0,0
2,66,13.472,0,0
1,66,14.164,0,0
3,66,14.8440000000001,0,0
4,66,14.8440000000001,0,0
2,66,15.5360000000001,0,0
3,67,0.21550000000002,0,0
1,67,0.21550000000002,0,0
4,67,0.907999999999902,0,0
2,67,1.58750000000009,67,7.08750000000009
1,67,1.58750000000009,0,0
3,67,2.50199999999995,0,0
4,67,3.42900000000009,0,0
1,67,4.34400000000005,0,0
3,67,5.25849999999991,0,0
1,67,6.173,0,0
3,67,7.08750000000009,0,0
4,67,7.08750000000009,67,9.83150000000001
1,67,8.00199999999995,0,0
2,67,8.91699999999992,0,0
3,67,9.83150000000001,67,15.319
2,67,12.5754999999999,0,0
4,67,12.5754999999999,0,0
1,67,15.319,68,5.49900000000002
4,68,5.49900000000002,0,0
3,68,7.5630000000001,0,0
4,68,7.5630000000001,0,0
3,68,10.3064999999999,0,0
1,68,11.6785,0,0
2,68,11.6785,0,0
1,68,14.4349999999999,0,0
3,68,15.8064999999999,0,0
4,69,0.15300000000002,0,0
1,69,2.55050000000006,69,8.03800000000001
4,69,2.55050000000006,0,0
2,69,3.46499999999992,0,0
3,69,4.38000000000011,0,0
3,69,6.66650000000004,0,0
2,69,8.03800000000001,0,0
4,69,10.7945,0,0
3,69,13.538,70,3.02600000000007
1,69,13.538,0,0
4,69,14.453,0,0
2,69,15.3675000000001,0,0
4,70,0.281999999999925,0,0
2,70,3.02600000000007,0,0
4,70,5.78199999999993,0,0
3,70,8.52600000000007,70,14.0135
2,70,8.52600000000007,0,0
1,70,9.44049999999993,0,0
4,70,10.355,0,0
2,70,11.2695000000001,0,0
1,70,12.6415,0,0
2,70,14.0135,0,0
4,70,14.0135,0,0
1,71,0.757499999999936,0,0
1,71,3.51350000000002,71,9.00099999999998
4,71,3.51350000000002,0,0
2,71,4.42800000000011,0,0
3,71,5.34249999999997,0,0
4,71,9.00099999999998,0,0
1,71,11.7449999999999,0,0
2,71,14.501,0,0
4,71,14.501,72,3.98900000000003
1,71,15.4155000000001,0,0
3,72,0.330500000000029,0,0
3,72,3.98900000000003,72,6.73250000000007
1,72,6.73250000000007,72,9.47649999999999
4,72,9.47649999999999,0,0
2,72,9.47649999999999,72,13.6044999999999
3,72,10.4034999999999,0,0
1,72,11.318,0,0
3,72,12.2325000000001,0,0
4,72,13.6044999999999,73,1.72000000000003
3,73,1.72000000000003,73,4.46399999999994
2,73,4.46399999999994,0,0
1,73,4.46399999999994,73,9.96399999999994
4,73,5.37850000000003,0,0
2,73,6.30549999999994,0,0
3,73,7.22000000000003,73,12.0155
4,73,9.96399999999994,0,0
2,73,12.0155,73,15.4514999999999
4,73,15.4514999999999,0,0
1,73,15.4514999999999,74,4.9514999999999
3,74,0.366500000000087,0,0
4,74,1.28099999999995,0,0
2,74,2.19550000000004,0,0
2,74,3.57999999999993,0,0
4,74,4.9514999999999,0,0
1,74,6.32349999999997,0,0
3,74,7.69550000000004,0,0
1,74,7.69550000000004,0,0
3,74,9.06750000000011,0,0
2,74,10.4395,74,15.9395
4,74,10.4395,0,0
3,74,11.354,0,0
1,74,12.2684999999999,0,0
3,74,13.183,0,0
4,74,15.9395,0,0
1,75,1.7684999999999,0,0
1,75,3.14049999999997,0,0
2,75,4.51250000000005,0,0
4,75,5.42699999999991,75,10.9145000000001
3,75,5.42699999999991,0,0
1,75,6.3415,0,0
3,75,7.25600000000009,0,0
2,75,8.17100000000005,0,0
2,75,9.54250000000002,0,0
4,75,12.299,0,0
4,75,13.671,0,0
2,75,15.0425,0,0
3,76,0.414500000000089,0,0
1,76,0.414500000000089,76,5.90200000000004
4,76,1.32899999999995,0,0
2,76,2.24399999999991,0,0
3,76,3.1585,0,0
4,76,7.27399999999989,0,0
2,76,8.6585,0,0
2,76,10.0305000000001,0,0
3,76,11.402,77,0.914500000000089
4,76,11.402,0,0
1,76,12.317,0,0
4,76,13.2315000000001,0,0
2,76,14.1585,0,0
2,76,15.5305000000001,0,0
4,77,2.28649999999993,0,0
1,77,3.67100000000005,0,0
4,77,3.67100000000005,0,0
1,77,5.04250000000002,0,0
2,77,6.42699999999991,77,11.9395
4,77,6.42699999999991,0,0
3,77,7.3415,0,0
4,77,8.25600000000009,0,0
1,77,9.18299999999999,0,0
4,77,10.5550000000001,0,0
3,77,11.9395,0,0
4,77,13.3109999999999,0,0
4,77,14.6955,0,0
2,78,0.0675000000001091,0,0
4,78,1.4514999999999,78,6.93949999999995
1,78,1.4514999999999,0,0
2,78,2.36650000000009,0,0
3,78,3.28099999999995,0,0
1,78,4.19550000000004,0,0
1,78,5.56750000000011,0,0
3,78,6.93949999999995,0,0
2,78,8.31099999999992,0,0
2,78,9.68299999999999,0,0
4,78,11.0550000000001,0,0
1,78,12.4269999999999,0,0
3,78,13.8109999999999,0,0
4,78,13.8109999999999,0,0
2,78,15.183,0,0
4,78,15.183,0,0
1,79,0.555000000000064,0,0
3,79,1.92699999999991,0,0
4,79,3.29899999999998,0,0
2,79,3.29899999999998,0,0
3,79,3.99099999999999,0,0
1,79,4.67100000000005,0,0
2,79,4.67100000000005,0,0
3,79,6.04250000000002,0,0
4,79,6.04250000000002,0,0
4,79,7.41450000000009,0,0
1,79,7.41450000000009,0,0
2,79,8.08200000000011,0,0
4,79,8.76199999999994,0,0
1,79,10.1089999999999,0,0
2,79,10.1089999999999,0,0
3,79,10.7764999999999,0,0
4,79,11.4559999999999,0,0
2,79,11.4559999999999,0,0
3,79,12.1234999999999,0,0
1,79,12.8035,0,0
4,79,13.471,0,0
1,79,14.1505,0,0
2,79,14.1505,0,0
2,79,15.498,0,0
4,80,0.845000000000027,0,0
1,80,0.845000000000027,0,0
2,80,2.19200000000001,0,0
4,80,2.19200000000001,0,0
1,80,2.88449999999989,0,0
2,80,3.5764999999999,0,0
4,80,4.97299999999996,0,0
2,80,5.66499999999996,0,0
3,80,6.36950000000002,0,0
1,80,7.0619999999999,0,0
2,80,7.76649999999995,0,0
3,80,7.76649999999995,0,0
1,80,8.45849999999996,0,0
2,80,9.15049999999997,0,0
4,80,9.15049999999997,0,0
3,80,10.547,0,0
1,80,10.547,0,0
1,80,11.944,0,0
4,80,13.3405,0,0
3,80,13.4514999999999,0,0
2,80,14.02,0,0
4,80,14.7125000000001,0,0
2,81,0.0844999999999345,0,0
1,81,0.0844999999999345,0,0
1,81,1.4559999999999,0,0
4,81,2.13599999999997,0,0
3,81,2.82799999999997,0,0
2,81,2.82799999999997,0,0
4,81,3.51999999999998,0,0
3,81,4.89200000000005,0,0
4,81,5.57199999999989,0,0
2,81,5.57199999999989,0,0
1,81,6.2639999999999,0,0
2,81,6.94399999999996,0,0
4,81,8.31549999999993,0,0
1,81,8.31549999999993,0,0
3,81,9.00800000000004,0,0
4,81,9.70000000000005,0,0
1,81,11.0719999999999,0,0
3,81,11.0719999999999,0,0
1,81,12.444,0,0
2,81,12.444,0,0
4,81,13.1234999999999,0,0
3,81,13.8154999999999,0,0
2,81,13.8154999999999,0,0
1,81,14.5450000000001,0,0
3,81,15.2739999999999,0,0
2,82,0.00350000000003092,0,0
4,82,0.732500000000073,0,0
1,82,1.09099999999989,0,0
4,82,3.64949999999999,0,0
2,82,3.64949999999999,0,0
3,82,4.21800000000007,0,0
2,82,4.79899999999998,0,0
3,82,5.96049999999991,0,0
4,82,5.96049999999991,0,0
2,82,6.62799999999993,0,0
3,82,7.29549999999995,0,0
1,82,7.29549999999995,0,0
2,82,7.97550000000001,0,0
4,82,8.64249999999993,0,0
1,82,9.30999999999995,0,0
4,82,9.99000000000001,0,0
3,82,9.99000000000001,0,0
3,82,11.3244999999999,0,0
1,82,12.672,0,0
4,82,12.672,0,0
1,82,14.019,0,0
3,82,14.019,0,0
2,82,14.6990000000001,0,0
3,82,15.3910000000001,0,0
4,83,0.76299999999992,0,0
1,83,0.76299999999992,0,0
2,83,2.13499999999999,0,0
3,83,2.81449999999995,0,0
4,83,3.50649999999996,0,0
2,83,3.50649999999996,0,0
3,83,4.19900000000007,0,0
2,83,4.87850000000003,0,0
1,83,4.87850000000003,0,0
3,83,6.2505000000001,0,0
1,83,6.2505000000001,0,0
3,83,7.62249999999995,0,0
1,83,8.99450000000002,0,0
2,83,9.11799999999994,0,0
3,83,9.67399999999998,0,0
1,83,10.3665000000001,0,0
4,83,11.7380000000001,0,0
3,83,11.7380000000001,0,0
2,83,12.4179999999999,0,0
4,83,13.1099999999999,0,0
1,83,13.79,0,0
2,83,14.482,0,0
3,83,14.482,0,0
1,83,15.174,0,0
2,84,0.546000000000049,0,0
1,84,1.22600000000011,0,0
3,84,1.22600000000011,0,0
4,84,1.91799999999989,0,0
3,84,2.59799999999996,0,0
4,84,3.96949999999993,0,0
1,84,3.96949999999993,0,0
2,84,4.66200000000003,0,0
1,84,5.35400000000004,0,0
4,84,6.72600000000011,0,0
2,84,6.72600000000011,0,0
4,84,8.09799999999996,0,0
3,84,8.09799999999996,0,0
1,84,8.77749999999992,0,0
2,84,9.46949999999993,0,0
3,84,9.46949999999993,0,0
4,84,10.162,0,0
2,84,10.854,0,0
3,84,11.5585000000001,0,0
4,84,12.2505000000001,0,0
1,84,12.2505000000001,0,0
2,84,12.9425000000001,0,0
1,84,13.6469999999999,0,0
4,84,14.3395,0,0
3,84,14.3395,0,0
1,84,15.0440000000001,0,0
2,84,15.0440000000001,0,0
3,84,15.7360000000001,0,0
2,85,0.428000000000111,0,0
1,85,1.82449999999994,0,0
4,85,1.82449999999994,0,0
2,85,2.529,0,0
4,85,3.22150000000011,0,0
3,85,3.69100000000003,0,0
2,85,3.91350000000011,0,0
4,85,4.61799999999994,0,0
1,85,4.61799999999994,0,0
3,85,6.0145,0,0
4,85,7.39899999999989,0,0
1,85,7.39899999999989,0,0
2,85,8.10349999999994,0,0
4,85,8.79549999999995,0,0
1,85,10.192,0,0
2,85,10.192,0,0
3,85,10.8844999999999,0,0
2,85,11.5889999999999,0,0
4,85,12.973,0,0
1,85,12.973,0,0
2,85,13.6775,0,0
4,85,14.3695,0,0
3,85,14.8395,0,0
2,85,15.0740000000001,0,0
4,85,15.7665,0,0
1,85,15.7665,0,0
3,86,1.13799999999992,0,0
1,86,2.50999999999999,0,0
4,86,2.50999999999999,0,0
2,86,3.19000000000005,0,0
3,86,3.88200000000006,0,0
1,86,5.25399999999991,0,0
2,86,5.25399999999991,0,0
3,86,5.93350000000009,0,0
2,86,6.62599999999998,0,0
1,86,7.99800000000005,0,0
4,86,7.99800000000005,0,0
2,86,8.702,0,0
4,86,9.36950000000002,0,0
3,86,9.827,0,0
2,86,10.0740000000001,0,0
1,86,10.7415000000001,0,0
4,86,10.7415000000001,0,0
3,86,12.1134999999999,0,0
1,86,13.51,0,0
4,86,13.51,0,0
2,86,14.1775,0,0
4,86,14.8820000000001,0,0
1,87,0.253999999999905,0,0
2,87,0.253999999999905,0,0
3,87,0.921499999999924,0,0
2,87,1.61349999999993,0,0
1,87,2.9855,0,0
4,87,2.9855,0,0
2,87,3.69000000000005,0,0
4,87,4.35750000000007,0,0
3,87,4.81449999999995,0,0
2,87,5.0619999999999,0,0
1,87,5.72900000000004,0,0
4,87,5.72900000000004,0,0
3,87,7.10100000000011,0,0
4,87,8.47299999999996,0,0
1,87,8.47299999999996,0,0
2,87,9.16499999999996,0,0
3,87,9.84500000000003,0,0
1,87,11.2170000000001,0,0
2,87,11.2170000000001,0,0
3,87,11.9090000000001,0,0
2,87,12.5889999999999,0,0
4,87,13.973,0,0
1,87,13.973,0,0
2,87,14.653,0,0
4,87,15.345,0,0
3,87,15.8019999999999,0,0
2,88,0.0244999999999891,0,0
4,88,0.717000000000098,0,0
1,88,0.717000000000098,0,0
3,88,2.08899999999994,0,0
1,88,3.46049999999991,0,0
4,88,3.46049999999991,0,0
2,88,4.15300000000002,0,0
4,88,4.83249999999998,0,0
2,88,6.20450000000005,0,0
1,88,6.20450000000005,0,0
3,88,6.89650000000006,0,0
2,88,7.5764999999999,0,0
4,88,8.0335,0,0
1,88,8.2684999999999,0,0
3,88,8.94849999999997,0,0
4,88,10.3325,0,0
2,88,10.3325,0,0
1,88,11.0125,0,0
4,88,11.7045000000001,0,0
3,88,12.3844999999999,0,0
1,88,12.6189999999999,0,0
2,88,13.0764999999999,0,0
3,88,13.7560000000001,0,0
1,88,14.4485,0,0
4,88,14.4485,0,0
2,88,15.1279999999999,0,0
4,88,15.8199999999999,0,0
3,89,0.277499999999918,0,0
2,89,0.512500000000045,0,0
1,89,1.19200000000001,89,6.69200000000001
4,89,1.19200000000001,0,0
2,89,3.93599999999992,0,0
3,89,6.69200000000001,89,10.1155000000001
2,89,10.1155000000001,0,0
1,89,10.1155000000001,0,0
4,89,12.1800000000001,0,0
2,89,12.1800000000001,0,0
1,89,12.8720000000001,0,0
4,89,13.5515,0,0
3,89,13.5515,0,0
2,89,14.2439999999999,0,0
3,89,14.9235000000001,0,0
1,89,14.9235000000001,0,0
4,89,15.6155000000001,0,0
2,90,0.295499999999947,0,0
3,90,0.987499999999955,0,0
4,90,1.66750000000002,90,4.4235000000001
1,90,1.66750000000002,0,0
2,90,2.58200000000011,0,0
3,90,3.50900000000001,0,0
2,90,4.4235000000001,0,0
1,90,4.4235000000001,0,0
3,90,5.10349999999994,0,0
2,90,5.79549999999995,0,0
3,90,6.47550000000001,0,0
4,90,7.16750000000002,0,0
1,90,7.16750000000002,0,0
2,90,7.84699999999998,0,0
4,90,8.53950000000009,0,0
1,90,9.2315000000001,0,0
3,90,9.91100000000006,0,0
2,90,10.6034999999999,0,0
4,90,11.2829999999999,0,0
1,90,11.2829999999999,0,0
3,90,11.9755,0,0
4,90,12.655,0,0
2,90,13.347,0,0
3,90,14.027,0,0
1,90,14.7190000000001,0,0
4,90,15.4110000000001,0,0
2,90,15.4110000000001,0,0
3,90,15.98,0,0
2,91,0.548500000000104,0,0
1,91,1.24050000000011,0,0
4,91,1.80899999999997,0,0
3,91,2.37750000000005,0,0
2,91,2.37750000000005,0,0
1,91,2.95849999999996,0,0
3,91,3.52700000000004,0,0
4,91,4.0954999999999,0,0
1,91,4.89899999999989,0,0
2,91,5.59099999999989,0,0
4,91,6.27099999999996,0,0
3,91,6.27099999999996,0,0
1,91,6.96299999999997,0,0
4,91,7.64249999999993,0,0
2,91,7.64249999999993,0,0
3,91,8.33500000000004,0,0
1,91,9.0145,0,0
4,91,9.70650000000001,0,0
3,91,10.3865000000001,0,0
1,91,10.3865000000001,0,0
4,91,11.0785000000001,0,0
2,91,11.771,0,0
3,91,12.4504999999999,0,0
4,91,13.1424999999999,0,0
1,91,13.1424999999999,0,0
2,91,13.8225,0,0
4,91,14.5145,0,0
1,91,15.1945000000001,0,0
2,91,15.8865000000001,0,0
1,92,0.566499999999905,0,0
4,92,1.25849999999991,0,0
3,92,1.25849999999991,0,0
2,92,1.95049999999992,0,0
4,92,2.63049999999998,0,0
2,92,3.32249999999999,0,0
3,92,4.00199999999995,0,0
1,92,4.69450000000006,0,0
4,92,5.37400000000002,0,0
2,92,5.37400000000002,0,0
3,92,5.95499999999993,0,0
4,92,6.52350000000001,0,0
2,92,7.20350000000008,0,0
1,92,7.78449999999998,0,0
4,92,8.35300000000007,0,0
3,92,8.35300000000007,0,0
1,92,8.93350000000009,0,0
2,92,9.50199999999995,0,0
4,92,10.0709999999999,0,0
1,92,10.874,0,0
2,92,11.5540000000001,0,0
4,92,12.2460000000001,0,0
3,92,12.2460000000001,0,0
1,92,12.9259999999999,0,0
4,92,13.6179999999999,0,0
2,92,13.6179999999999,0,0
3,92,14.298,0,0
2,92,14.99,0,0
4,92,15.682,0,0
3,93,0.36200000000008,0,0
1,93,0.36200000000008,0,0
4,93,1.05400000000009,0,0
2,93,1.73350000000005,0,0
1,93,1.73350000000005,0,0
3,93,2.42599999999993,0,0
4,93,3.10549999999989,0,0
2,93,3.10549999999989,0,0
1,93,3.798,0,0
4,93,4.47749999999996,0,0
2,93,5.16949999999997,0,0
3,93,5.86200000000008,0,0
2,93,6.54150000000004,0,0
4,93,7.23350000000005,0,0
1,93,7.23350000000005,0,0
3,93,7.91350000000011,0,0
1,93,8.60549999999989,0,0
3,93,9.28549999999996,0,0
2,93,9.97749999999996,0,0
4,93,10.6575,0,0
3,93,11.3495,0,0
1,93,11.3495,0,0
2,93,11.9304999999999,0,0
3,93,12.499,0,0
4,93,13.1785,0,0
1,93,13.7470000000001,0,0
3,93,14.328,0,0
2,93,14.328,0,0
4,93,14.8965000000001,0,0
2,93,15.4649999999999,0,0
1,94,0.0460000000000491,0,0
3,94,0.836999999999989,0,0
2,94,1.529,0,0
3,94,2.22150000000011,0,0
1,94,2.22150000000011,0,0
4,94,2.90100000000007,0,0
2,94,3.59349999999995,0,0
1,94,3.59349999999995,0,0
4,94,4.27299999999991,0,0
2,94,4.96499999999992,0,0
3,94,5.64499999999998,0,0
4,94,6.33699999999999,0,0
1,94,6.33699999999999,0,0
2,94,7.01700000000005,0,0
4,94,7.70900000000006,0,0
3,94,8.40100000000007,0,0
2,94,9.0809999999999,0,0
1,94,9.0809999999999,0,0
3,94,9.77299999999991,0,0
1,94,10.453,0,0
4,94,11.145,0,0
3,94,11.8244999999999,0,0
4,94,12.5170000000001,0,0
2,94,13.1965,0,0
1,94,13.1965,0,0
3,94,13.8889999999999,0,0
1,94,14.5809999999999,0,0
3,94,15.2605000000001,0,0
2,94,15.953,0,0
4,95,0.632499999999936,0,0
3,95,1.32449999999994,0,0
1,95,1.32449999999994,0,0
2,95,1.8934999999999,0,0
1,95,2.47399999999993,0,0
3,95,3.154,0,0
4,95,3.72250000000008,0,0
2,95,4.30349999999999,0,0
1,95,4.30349999999999,0,0
4,95,4.87200000000007,0,0
3,95,5.44049999999993,0,0
1,95,6.02150000000006,0,0
4,95,6.8125,0,0
3,95,7.50450000000001,0,0
2,95,8.18450000000007,0,0
1,95,8.18450000000007,0,0
4,95,8.87650000000008,0,0
3,95,9.55600000000004,0,0
1,95,9.55600000000004,0,0
2,95,10.2484999999999,0,0
3,95,10.9404999999999,0,0
1,95,11.6199999999999,0,0
4,95,12.3125,0,0
2,95,12.3125,0,0
1,95,12.992,0,0
4,95,13.6845000000001,0,0
3,95,13.6845000000001,0,0
2,95,14.364,0,0
3,95,15.056,0,0
1,95,15.056,0,0
4,95,15.7360000000001,0,0
1,96,0.428000000000111,0,0
3,96,1.11999999999989,0,0
2,96,1.79999999999995,0,0
3,96,2.49199999999996,0,0
4,96,3.17200000000003,0,0
1,96,3.17200000000003,0,0
2,96,3.86400000000003,0,0
1,96,4.5440000000001,0,0
4,96,5.2360000000001,0,0
3,96,5.91550000000007,0,0
4,96,6.60799999999995,0,0
2,96,7.29999999999995,0,0
1,96,7.29999999999995,0,0
3,96,7.86850000000004,0,0
2,96,8.4369999999999,0,0
1,96,9.12899999999991,0,0
4,96,9.69800000000009,0,0
3,96,10.2784999999999,0,0
2,96,10.2784999999999,0,0
1,96,10.847,0,0
3,96,11.4155000000001,0,0
4,96,11.9845,0,0
1,96,12.7874999999999,0,0
2,96,13.48,0,0
4,96,14.1595,0,0
3,96,14.1595,0,0
1,96,14.8515,0,0
4,96,15.5315000000001,0,0
2,96,15.5315000000001,0,0
3,97,0.223500000000058,0,0
1,97,0.903499999999894,0,0
4,97,1.5954999999999,0,0
3,97,2.27549999999997,0,0
1,97,2.27549999999997,0,0
4,97,2.96749999999997,0,0
2,97,3.65949999999998,0,0
3,97,4.33950000000004,0,0
4,97,5.03150000000005,0,0
1,97,5.03150000000005,0,0
2,97,5.71100000000001,0,0
4,97,6.40349999999989,0,0
1,97,7.08300000000008,0,0
2,97,7.77549999999997,0,0
1,97,8.45499999999993,0,0
4,97,9.14699999999993,0,0
3,97,9.14699999999993,0,0
2,97,9.83950000000004,0,0
3,97,10.519,0,0
1,97,11.211,0,0
4,97,11.8910000000001,0,0
1,97,12.5830000000001,0,0
3,97,13.2629999999999,0,0
2,97,13.2629999999999,0,0
4,97,13.8440000000001,0,0
3,97,14.4124999999999,0,0
2,97,15.1044999999999,0,0
1,97,15.673,0,0
4,98,0.241500000000087,0,0
3,98,0.241500000000087,0,0
2,98,0.822499999999991,0,0
3,98,1.39100000000008,0,0
4,98,1.95949999999993,0,0
1,98,2.76299999999992,0,0
2,98,3.44250000000011,0,0
4,98,4.13499999999999,0,0
3,98,4.13499999999999,0,0
1,98,4.81449999999995,0,0
4,98,5.50649999999996,0,0
2,98,5.50649999999996,0,0
3,98,6.19900000000007,0,0
2,98,6.87850000000003,0,0
4,98,7.57099999999991,0,0
3,98,8.2505000000001,0,0
1,98,8.2505000000001,0,0
4,98,8.94250000000011,0,0
2,98,9.62249999999995,0,0
1,98,9.62249999999995,0,0
3,98,10.3145,0,0
4,98,10.9945,0,0
1,98,10.9945,0,0
2,98,11.6865,0,0
4,98,12.3785,0,0
1,98,13.0585000000001,0,0
3,98,13.7505000000001,0,0
1,98,14.4304999999999,0,0
4,98,15.1224999999999,0,0
2,98,15.1224999999999,0,0
3,98,15.8019999999999,0,0
4,99,0.494500000000016,0,0
1,99,1.17399999999998,0,0
2,99,1.86650000000009,0,0
4,99,2.55850000000009,0,0
3,99,3.23800000000006,0,0
1,99,3.23800000000006,0,0
2,99,3.81899999999996,0,0
3,99,4.38750000000005,0,0
4,99,5.06750000000011,0,0
1,99,5.64850000000001,0,0
3,99,6.2170000000001,0,0
2,99,6.2170000000001,0,0
4,99,6.78549999999996,0,0
2,99,7.35400000000004,0,0
1,99,7.93499999999995,0,0
4,99,8.73800000000006,0,0
2,99,9.41799999999989,0,0
3,99,10.1099999999999,0,0
1,99,10.1099999999999,0,0
4,99,10.79,0,0
3,99,11.482,0,0
2,99,11.482,0,0
1,99,12.162,0,0
3,99,12.854,0,0
2,99,13.5335,0,0
4,99,14.2260000000001,0,0
1,99,14.2260000000001,0,0
2,99,14.9179999999999,0,0
3,99,15.598,0,0
4,100,0.289999999999964,0,0
2,100,0.969499999999925,0,0
1,100,0.969499999999925,0,0
3,100,1.66200000000003,0,0
1,100,2.3415,0,0
4,100,3.0335,0,0
3,100,3.71350000000007,0,0
4,100,4.40550000000007,0,0
2,100,5.09799999999996,0,0
1,100,5.09799999999996,0,0
3,100,5.77749999999992,0,0
1,100,6.46949999999993,0,0
3,100,7.14949999999999,0,0
2,100,7.8415,0,0
4,100,8.52150000000006,0,0
3,100,9.21350000000007,0,0
1,100,9.21350000000007,0,0
2,100,9.78199999999993,0,0
1,100,10.3630000000001,0,0
3,100,11.0425,0,0
4,100,11.6110000000001,0,0
2,100,12.192,0,0
1,100,12.192,0,0
4,100,12.7605000000001,0,0
3,100,13.329,0,0
1,100,13.9100000000001,0,0
2,100,14.4784999999999,0,0
3,100,15.047,0,0
1,100,15.7394999999999,0,0
4,101,0.307999999999993,0,0
2,101,0.888999999999896,0,0
3,101,1.56850000000009,0,0
1,101,1.56850000000009,0,0
4,101,2.13699999999994,0,0
3,101,2.71800000000007,0,0
1,101,3.39799999999991,0,0
4,101,3.97849999999994,0,0
3,101,4.54700000000003,0,0
2,101,5.22700000000009,0,0
1,101,5.22700000000009,0,0
4,101,5.80799999999999,0,0
2,101,6.37650000000008,0,0
3,101,6.94499999999994,0,0
1,101,6.94499999999994,0,0
4,101,7.63699999999994,0,0
3,101,8.31700000000001,0,0
2,101,9.00900000000001,0,0
4,101,9.68900000000008,0,0
3,101,10.3810000000001,0,0
2,101,11.0605,0,0
1,101,11.0605,0,0
3,101,11.7529999999999,0,0
1,101,12.4324999999999,0,0
4,101,13.1244999999999,0,0
3,101,13.817,0,0
1,101,14.4965,0,0
4,101,15.1890000000001,0,0
2,101,15.1890000000001,0,0
3,101,15.7574999999999,0,0
2,102,0.337999999999965,0,0
1,102,1.01800000000003,0,0
3,102,1.58649999999989,0,0
4,102,2.16750000000002,0,0
2,102,2.16750000000002,0,0
1,102,2.7360000000001,0,0
4,102,3.30449999999996,0,0
2,102,3.88550000000009,0,0
3,102,4.45399999999995,0,0
4,102,5.36850000000004,0,0
1,102,5.36850000000004,0,0
2,102,6.0485000000001,0,0
1,102,6.74050000000011,0,0
4,102,7.42000000000007,0,0
2,102,8.11249999999995,0,0
4,102,8.79199999999992,0,0
3,102,9.48450000000003,0,0
2,102,10.1765,0,0
1,102,10.1765,0,0
4,102,10.7449999999999,0,0
2,102,11.3135,0,0
3,102,12.0055,0,0
4,102,12.5740000000001,0,0
2,102,13.155,0,0
1,102,13.155,0,0
3,102,13.7235000000001,0,0
2,102,14.2919999999999,0,0
4,102,14.8605,0,0
3,102,15.4414999999999,0,0
1,102,15.664,0,0
2,103,0.355999999999995,0,0
4,103,1.03600000000006,0,0
3,103,1.03600000000006,0,0
1,103,1.72800000000007,0,0
3,103,2.4079999999999,0,0
2,103,3.09999999999991,0,0
1,103,3.77999999999997,0,0
3,103,4.47199999999998,0,0
4,103,5.15149999999994,0,0
2,103,5.15149999999994,0,0
1,103,5.73250000000007,0,0
4,103,6.30099999999993,0,0
2,103,6.86950000000002,0,0
1,103,7.45049999999992,0,0
4,103,8.01900000000001,0,0
3,103,8.01900000000001,0,0
2,103,8.58750000000009,0,0
3,103,9.16849999999999,0,0
4,103,9.73700000000008,0,0
1,103,10.3054999999999,0,0
3,103,10.7629999999999,0,0
2,103,11.3315,0,0
4,103,12.0235,0,0
3,103,12.7155,0,0
2,103,13.3955000000001,0,0
1,103,13.3955000000001,0,0
4,103,13.9765,0,0
2,103,14.5450000000001,0,0
1,103,15.1134999999999,0,0
3,103,15.682,0,0
4,104,0.139499999999998,0,0
2,104,0.831500000000005,0,0
4,104,1.51099999999997,0,0
1,104,2.20350000000008,0,0
3,104,2.89550000000008,0,0
2,104,2.89550000000008,0,0
4,104,3.57549999999992,0,0
2,104,4.26749999999993,0,0
1,104,4.26749999999993,0,0
3,104,4.94699999999989,0,0
1,104,5.6395,0,0
2,104,6.31899999999996,0,0
4,104,7.01099999999997,0,0
3,104,7.01099999999997,0,0
1,104,7.69100000000003,0,0
4,104,8.38300000000004,0,0
2,104,9.07549999999992,0,0
3,104,9.75500000000011,0,0
1,104,10.4469999999999,0,0
4,104,11.127,0,0
2,104,11.127,0,0
3,104,11.7080000000001,0,0
2,104,12.2764999999999,0,0
1,104,12.9559999999999,0,0
3,104,13.537,0,0
4,104,14.1054999999999,0,0
2,104,14.1054999999999,0,0
1,104,14.6865,0,0
3,104,15.2550000000001,0,0
4,104,15.8235,0,0
1,105,0.392000000000053,0,0
2,105,0.626999999999953,0,0
4,105,1.30649999999991,0,0
2,105,1.99900000000002,0,0
3,105,2.67849999999999,0,0
4,105,3.37100000000009,0,0
1,105,3.37100000000009,0,0
2,105,4.05050000000006,0,0
4,105,4.74250000000006,0,0
3,105,5.43499999999995,0,0
2,105,6.11449999999991,0,0
1,105,6.11449999999991,0,0
4,105,6.80649999999991,0,0
2,105,7.48649999999998,0,0
1,105,8.17849999999999,0,0
4,105,8.85850000000005,0,0
3,105,8.85850000000005,0,0
2,105,9.43949999999995,0,0
4,105,10.008,0,0
3,105,10.5764999999999,0,0
1,105,11.1575,0,0
4,105,11.6144999999999,0,0
2,105,12.2945,0,0
1,105,12.9865,0,0
3,105,13.6665,0,0
4,105,14.3585,0,0
2,105,14.3585,0,0
1,105,15.038,0,0
4,105,15.7304999999999,0,0
2,106,0.410000000000082,0,0
3,106,1.10200000000009,0,0
1,106,1.79449999999997,0,0
3,106,2.47399999999993,0,0
4,106,3.16650000000004,0,0
2,106,3.846,0,0
1,106,3.846,0,0
3,106,4.42699999999991,0,0
2,106,4.99549999999999,0,0
4,106,5.56400000000008,0,0
3,106,6.13249999999994,0,0
1,106,6.36750000000006,0,0
2,106,7.05950000000007,0,0
4,106,7.62799999999993,0,0
1,106,8.19650000000001,0,0
2,106,8.8889999999999,0,0
4,106,9.45749999999998,0,0
3,106,9.45749999999998,0,0
1,106,10.0260000000001,0,0
3,106,10.6065000000001,0,0
2,106,11.2864999999999,0,0
4,106,11.8675000000001,0,0
3,106,12.4359999999999,0,0
4,106,13.1155000000001,0,0
1,106,13.6965,0,0
2,106,14.2650000000001,0,0
4,106,14.8335,0,0
3,106,14.8335,0,0
1,106,15.4145000000001,0,0
2,106,15.9829999999999,0,0
4,107,0.551500000000033,0,0
1,107,1.11999999999989,0,0
3,107,1.5775000000001,0,0
2,107,2.1585,0,0
4,107,2.72700000000009,0,0
1,107,3.29549999999995,0,0
3,107,3.87650000000008,0,0
4,107,4.33349999999996,0,0
2,107,4.33349999999996,0,0
1,107,4.90200000000004,0,0
3,107,5.471,0,0
2,107,6.03950000000009,0,0
4,107,6.61999999999989,0,0
1,107,7.0775000000001,0,0
2,107,7.64599999999996,0,0
3,107,8.22700000000009,0,0
4,107,8.79549999999995,0,0
2,107,9.36400000000003,0,0
3,107,9.82150000000001,0,0
1,107,9.82150000000001,0,0
4,107,10.402,0,0
1,107,10.971,0,0
2,107,11.5395000000001,0,0
3,107,12.1079999999999,0,0
4,107,12.5650000000001,0,0
2,107,13.146,0,0
1,107,13.7145,0,0
3,107,14.2829999999999,0,0
4,107,14.8515,0,0
2,107,15.309,0,0
1,107,15.309,0,0
3,108,0.000999999999976353,0,0
2,108,0.693500000000085,0,0
1,108,0.693500000000085,0,0
4,108,1.37300000000005,0,0
2,108,2.06500000000005,0,0
1,108,2.06500000000005,0,0
3,108,2.74499999999989,0,0
2,108,3.4369999999999,0,0
4,108,4.11699999999996,0,0
2,108,4.80899999999997,0,0
1,108,4.80899999999997,0,0
4,108,5.37750000000005,0,0
3,108,5.95849999999996,0,0
1,108,6.52700000000004,0,0
4,108,7.0954999999999,0,0
2,108,7.55300000000011,0,0
3,108,8.13349999999991,0,0
1,108,8.702,0,0
4,108,9.27099999999996,0,0
2,108,9.83950000000004,0,0
3,108,10.2964999999999,0,0
1,108,10.2964999999999,0,0
4,108,10.8775000000001,0,0
2,108,11.4459999999999,0,0
3,108,12.0145,0,0
1,108,12.5954999999999,0,0
2,108,13.0530000000001,0,0
4,108,13.6215,0,0
3,108,14.1900000000001,0,0
1,108,14.7584999999999,0,0
2,108,15.3395,0,0
4,108,15.7964999999999,0,0
3,108,15.7964999999999,0,0
1,109,0.365000000000009,0,0
4,109,0.945999999999913,0,0
2,109,1.5145,0,0
1,109,2.08300000000008,0,0
3,109,2.54050000000007,0,0
2,109,3.12149999999997,0,0
4,109,3.69000000000005,0,0
1,109,4.25849999999991,0,0
2,109,4.827,0,0
4,109,5.28449999999998,0,0
3,109,5.28449999999998,0,0
1,109,5.97649999999999,0,0
4,109,6.65599999999995,0,0
3,109,6.65599999999995,0,0
2,109,7.34850000000006,0,0
4,109,8.02800000000002,0,0
3,109,8.02800000000002,0,0
1,109,8.72000000000003,0,0
3,109,9.41249999999991,0,0
2,109,10.0920000000001,0,0
4,109,10.7845,0,0
3,109,10.7845,0,0
1,109,11.3530000000001,0,0
2,109,11.9335000000001,0,0
4,109,12.502,0,0
1,109,13.0709999999999,0,0
3,109,13.528,0,0
2,109,14.0965000000001,0,0
4,109,14.6775,0,0
3,109,15.2460000000001,0,0
1,109,15.8145,0,0
4,110,0.271999999999935,0,0
2,110,0.271999999999935,0,0
3,110,0.853000000000065,0,0
1,110,1.42149999999992,0,0
4,110,1.99000000000001,0,0
2,110,2.55850000000009,0,0
3,110,3.01549999999997,0,0
1,110,3.59650000000011,0,0
2,110,4.16499999999996,0,0
4,110,4.73350000000005,0,0
3,110,5.31449999999995,0,0
2,110,5.77199999999993,0,0
1,110,5.77199999999993,0,0
4,110,6.34050000000002,0,0
1,110,6.90900000000011,0,0
3,110,7.47749999999996,0,0
4,110,8.05850000000009,0,0
2,110,8.51549999999997,0,0
3,110,9.08449999999993,0,0
1,110,9.66499999999996,0,0
3,110,10.2335,0,0
4,110,10.8019999999999,0,0
2,110,11.2594999999999,0,0
1,110,11.2594999999999,0,0
3,110,11.9514999999999,0,0
2,110,12.6315,0,0
1,110,12.6315,0,0
4,110,13.3235,0,0
2,110,14.0035,0,0
1,110,14.0035,0,0
3,110,14.6955,0,0
4,110,15.3755000000001,0,0
1,110,15.3755000000001,0,0
2,111,0.0675000000001091,0,0
4,111,0.747000000000071,0,0
3,111,0.747000000000071,0,0
1,111,1.32799999999997,0,0
4,111,1.89650000000006,0,0
2,111,2.46499999999992,0,0
1,111,3.04600000000005,0,0
3,111,3.50350000000003,0,0
2,111,4.07199999999989,0,0
4,111,4.65300000000002,0,0
1,111,5.22150000000011,0,0
3,111,5.78999999999996,0,0
4,111,6.24700000000007,0,0
2,111,6.24700000000007,0,0
1,111,6.81549999999993,0,0
3,111,7.39650000000006,0,0
2,111,7.96499999999992,0,0
4,111,8.5335,0,0
3,111,8.99099999999999,0,0
1,111,9.57199999999989,0,0
4,111,10.1405,0,0
2,111,10.7090000000001,0,0
3,111,11.2774999999999,0,0
4,111,11.7349999999999,0,0
1,111,11.7349999999999,0,0
2,111,12.3154999999999,0,0
4,111,12.8844999999999,0,0
3,111,13.453,0,0
2,111,14.0335,0,0
1,111,14.491,0,0
3,111,15.0595000000001,0,0
2,111,15.6279999999999,0,0
4,112,0.196500000000015,0,0
3,112,0.777499999999918,0,0
2,112,1.2349999999999,0,0
1,112,1.2349999999999,0,0
3,112,1.91450000000009,0,0
2,112,2.6065000000001,0,0
1,112,2.6065000000001,0,0
4,112,3.28649999999993,0,0
3,112,3.97849999999994,0,0
2,112,3.97849999999994,0,0
1,112,4.67100000000005,0,0
3,112,5.35050000000001,0,0
2,112,6.04250000000002,0,0
1,112,6.04250000000002,0,0
4,112,6.72250000000008,0,0
3,112,6.72250000000008,0,0
1,112,7.41450000000009,0,0
4,112,8.09449999999993,0,0
2,112,8.78649999999993,0,0
3,112,9.4665,0,0
4,112,10.8505,0,0
2,112,11.5305000000001,0,0
4,112,12.2225000000001,0,0
1,112,12.2225000000001,0,0
1,112,13.5944999999999,0,0
4,112,14.9665,0,0
2,112,14.9665,0,0
3,112,15.646,0,0
2,113,0.337999999999965,0,0
4,113,1.71000000000004,0,0
3,113,1.71000000000004,0,0
2,113,2.40200000000004,0,0
3,113,3.08200000000011,0,0
4,113,3.77399999999989,0,0
1,113,4.45399999999995,0,0
4,113,5.82600000000002,0,0
3,113,6.51800000000003,0,0
4,113,7.21000000000004,0,0
2,113,7.21000000000004,0,0
3,113,8.58200000000011,0,0
4,113,9.95399999999995,0,0
1,113,9.95399999999995,0,0
2,113,10.6334999999999,0,0
4,113,11.326,0,0
2,113,12.6980000000001,0,0
1,113,12.6980000000001,0,0
3,113,13.3900000000001,0,0
2,113,14.0695000000001,0,0
4,113,14.7619999999999,0,0
3,113,15.4414999999999,0,0
4,114,0.813499999999976,0,0
1,114,0.813499999999976,0,0
2,114,1.50549999999998,0,0
1,114,2.18550000000005,0,0
2,114,3.56950000000006,0,0
4,114,4.94149999999991,0,0
3,114,4.94149999999991,0,0
2,114,5.62149999999997,0,0
3,114,6.31349999999998,0,0
4,114,7.68550000000005,0,0
1,114,7.68550000000005,0,0
2,114,8.36500000000001,0,0
1,114,9.05749999999989,0,0
4,114,10.4290000000001,0,0
2,114,10.4290000000001,0,0
2,114,11.8009999999999,0,0
1,114,11.8009999999999,0,0
3,114,12.4935,0,0
2,114,13.173,0,0
4,114,13.865,0,0
1,114,14.5450000000001,0,0
4,114,15.9290000000001,0,0
3,114,15.9290000000001,0,0
2,115,0.608999999999924,0,0
3,115,1.30099999999993,0,0
2,115,2.673,0,0
1,115,2.673,0,0
3,115,3.35300000000007,0,0
1,115,4.04500000000007,0,0
4,115,4.72450000000003,0,0
2,115,5.41699999999992,0,0
1,115,6.78899999999999,0,0
3,115,7.48099999999999,0,0
4,115,8.16049999999996,0,0
1,115,8.16049999999996,0,0
4,115,9.53250000000003,0,0
3,115,10.9045000000001,0,0
1,115,10.9045000000001,0,0
2,115,11.5965000000001,0,0
1,115,12.289,0,0
4,115,13.6605,0,0
3,115,13.6605,0,0
2,115,14.3405,0,0
3,115,15.0325,0,0
4,115,15.7125000000001,0,0
1,116,0.404500000000098,0,0
3,116,1.77649999999994,0,0
2,116,2.46849999999995,0,0
3,116,3.14850000000001,0,0
1,116,3.14850000000001,0,0
1,116,4.51999999999998,0,0
4,116,5.89200000000005,0,0
2,116,5.89200000000005,0,0
3,116,6.58449999999993,0,0
2,116,7.2639999999999,0,0
4,116,8.64850000000001,0,0
3,116,8.64850000000001,0,0
2,116,9.32799999999997,0,0
4,116,10.02,0,0
1,116,10.7,0,0
3,116,11.3920000000001,0,0
4,116,12.7639999999999,0,0
1,116,12.7639999999999,0,0
3,116,13.444,0,0
4,116,14.136,0,0
2,116,14.136,0,0
3,116,15.508,0,0
2,117,0.880000000000109,0,0
1,117,0.880000000000109,0,0
3,117,1.57199999999989,0,0
2,117,2.25150000000008,0,0
4,117,3.62349999999992,0,0
1,117,3.62349999999992,0,0
2,117,4.31549999999993,0,0
1,117,5.00800000000004,0,0
4,117,6.38000000000011,0,0
2,117,6.38000000000011,0,0
4,117,7.75150000000008,0,0
3,117,7.75150000000008,0,0
1,117,8.43149999999991,0,0
3,117,9.12349999999992,0,0
2,117,10.4955,0,0
3,117,11.8675000000001,0,0
1,117,11.8675000000001,0,0
2,117,12.5595000000001,0,0
3,117,13.2394999999999,0,0
4,117,14.6110000000001,0,0
2,117,14.6110000000001,0,0
1,117,15.3035,0,0
3,117,15.5260000000001,0,0
4,117,15.9829999999999,0,0
3,118,1.36750000000006,0,0
2,118,1.36750000000006,0,0
1,118,2.04700000000003,0,0
4,118,2.28199999999993,0,0
3,118,2.73949999999991,0,0
2,118,3.4190000000001,0,0
4,118,4.1110000000001,0,0
1,118,4.1110000000001,0,0
3,118,5.48299999999995,0,0
4,118,6.85500000000002,0,0
2,118,6.85500000000002,0,0
3,118,7.76950000000011,0,0
2,118,8.22700000000009,0,0
3,118,9.59899999999993,0,0
1,118,9.59899999999993,0,0
4,118,10.2909999999999,0,0
1,118,10.971,0,0
3,118,12.3425,0,0
2,118,12.3425,0,0
1,118,13.0350000000001,0,0
3,118,13.7270000000001,0,0
4,118,14.4065000000001,0,0
2,118,15.0989999999999,0,0
1,118,15.0989999999999,0,0
3,119,0.0135000000000218,0,0
2,119,0.471000000000004,0,0
4,119,1.84249999999997,0,0
1,119,1.84249999999997,0,0
4,119,3.21450000000004,0,0
3,119,4.58649999999989,0,0
1,119,4.58649999999989,0,0
2,119,5.27849999999989,0,0
4,119,5.50099999999998,0,0
3,119,5.95849999999996,0,0
3,119,7.33050000000003,0,0
2,119,7.33050000000003,0,0
4,119,8.02250000000004,0,0
2,119,8.702,0,0
3,119,9.39450000000011,0,0
4,119,10.0864999999999,0,0
1,119,10.0864999999999,0,0
2,119,11.4585,0,0
3,119,12.8305,0,0
1,119,12.8305,0,0
4,119,13.7449999999999,0,0
1,119,14.202,0,0
3,119,15.5740000000001,0,0
2,119,15.5740000000001,0,0
1,120,0.266499999999951,0,0
3,120,0.945999999999913,0,0
4,120,2.31799999999998,0,0
2,120,2.31799999999998,0,0
3,120,3.00999999999999,0,0
2,120,3.69000000000005,0,0
4,120,4.38200000000006,0,0
3,120,5.0619999999999,0,0
1,120,5.0619999999999,0,0
2,120,5.98900000000003,0,0
3,120,6.44599999999991,0,0
4,120,7.81799999999998,0,0
1,120,7.81799999999998,0,0
2,120,8.49800000000005,0,0
4,120,9.19000000000005,0,0
3,120,10.5619999999999,0,0
1,120,10.5619999999999,0,0
2,120,11.2415000000001,0,0
4,120,11.4765,0,0
3,120,11.9335000000001,0,0
1,120,12.626,0,0
4,120,13.3054999999999,0,0
2,120,13.3054999999999,0,0
4,120,14.6775,0,0
3,120,14.6775,0,0
2,121,0.04950000000008,0,0
1,121,0.04950000000008,0,0
3,121,1.42149999999992,0,0
2,121,1.42149999999992,0,0
4,121,2.80549999999994,0,0
1,121,2.80549999999994,0,0
2,121,3.4855,0,0
3,121,3.72000000000003,0,0
1,121,4.17750000000001,0,0
3,121,5.54950000000008,0,0
2,121,5.54950000000008,0,0
1,121,6.22900000000004,0,0
4,121,6.92149999999992,0,0
2,121,7.60100000000011,0,0
4,121,8.29349999999999,0,0
1,121,8.29349999999999,0,0
2,121,9.66499999999996,0,0
1,121,9.66499999999996,0,0
3,121,10.3575000000001,0,0
4,121,11.037,0,0
1,121,11.037,0,0
2,121,11.729,0,0
4,121,12.4090000000001,0,0
3,121,12.4090000000001,0,0
2,121,13.1010000000001,0,0
4,121,13.7809999999999,0,0
1,121,13.7809999999999,0,0
3,121,14.473,0,0
2,121,15.165,0,0
3,121,15.845,0,0
2,122,0.537000000000035,0,0
1,122,0.537000000000035,0,0
3,122,1.2170000000001,0,0
1,122,1.90900000000011,0,0
2,122,2.58899999999994,0,0
4,122,3.28099999999995,0,0
1,122,3.96049999999991,0,0
4,122,4.65300000000002,0,0
2,122,4.65300000000002,0,0
1,122,5.34500000000003,0,0
3,122,6.02449999999999,0,0
2,122,6.7170000000001,0,0
4,122,7.39650000000006,0,0
3,122,8.08899999999994,0,0
2,122,8.7684999999999,0,0
1,122,8.7684999999999,0,0
3,122,9.46049999999991,0,0
2,122,10.1405,0,0
1,122,10.8325,0,0
4,122,11.5245,0,0
3,122,11.5245,0,0
2,122,12.4395,0,0
4,122,12.8965000000001,0,0
3,122,13.354,0,0
1,122,13.354,0,0
4,122,14.2684999999999,0,0
2,122,15.183,0,0
1,122,15.183,0,0
3,122,15.6405,0,0
4,123,0.0979999999999563,0,0
3,123,1.01250000000005,0,0
1,123,1.01250000000005,123,6.5
2,123,1.92699999999991,0,0
4,123,2.8415,0,0
3,123,3.75600000000009,0,0
4,123,4.67100000000005,0,0
2,123,5.58549999999991,0,0
4,123,6.5,0,0
3,123,6.5,0,0
2,123,7.19200000000001,0,0
4,123,7.88449999999989,0,0
1,123,8.56400000000008,0,0
3,123,9.25600000000009,0,0
2,123,9.93599999999992,0,0
4,123,10.6279999999999,0,0
1,123,10.6279999999999,0,0
3,123,11.308,0,0
4,123,12,0,0
2,123,12.6800000000001,0,0
3,123,13.3720000000001,0,0
4,123,14.0640000000001,0,0
2,123,14.7439999999999,0,0
1,123,14.7439999999999,0,0
3,123,15.4359999999999,0,0
2,124,0.115500000000111,0,0
3,124,0.807999999999993,0,0
4,124,1.48749999999995,0,0
1,124,1.48749999999995,0,0
2,124,2.18000000000006,0,0
1,124,2.85950000000003,0,0
3,124,3.55150000000003,0,0
2,124,4.24399999999991,0,0
4,124,4.9235000000001,0,0
3,124,5.61550000000011,0,0
1,124,5.61550000000011,0,0
4,124,6.29549999999995,0,0
2,124,6.98749999999995,0,0
3,124,7.66750000000002,0,0
1,124,8.35950000000003,0,0
2,124,9.03950000000009,0,0
4,124,9.7315000000001,0,0
3,124,9.7315000000001,0,0
1,124,10.4235000000001,0,0
4,124,11.1034999999999,0,0
2,124,11.7954999999999,0,0
4,124,12.4755,0,0
1,124,13.1675,0,0
2,124,13.847,0,0
1,124,14.5395000000001,0,0
4,124,15.2190000000001,0,0
3,124,15.2190000000001,0,0
2,124,15.9110000000001,0,0
3,125,0.60349999999994,0,0
1,125,1.2829999999999,0,0
3,125,1.97550000000001,0,0
2,125,2.65499999999997,0,0
4,125,3.34699999999998,0,0
1,125,4.02700000000004,0,0
3,125,4.71900000000005,0,0
2,125,4.71900000000005,0,0
4,125,5.39899999999989,0,0
2,125,6.09099999999989,0,0
3,125,6.7829999999999,0,0
2,125,7.46299999999997,0,0
4,125,8.15499999999997,0,0
1,125,8.83500000000004,0,0
2,125,9.52700000000004,0,0
4,125,10.2065,0,0
3,125,10.2065,0,0
2,125,10.8989999999999,0,0
3,125,11.5785000000001,0,0
1,125,12.271,0,0
4,125,12.963,0,0
3,125,13.6424999999999,0,0
4,125,14.335,0,0
2,125,15.0145,0,0
3,125,15.7065,0,0
2,126,0.386500000000069,0,0
4,126,1.07850000000008,0,0
3,126,1.75849999999991,0,0
2,126,2.45049999999992,0,0
1,126,2.45049999999992,0,0
4,126,3.14249999999993,0,0
2,126,3.82249999999999,0,0
3,126,4.5145,0,0
4,126,5.19450000000006,0,0
2,126,5.88650000000007,0,0
3,126,6.56649999999991,0,0
1,126,6.56649999999991,0,0
4,126,7.25849999999991,0,0
3,126,7.9380000000001,0,0
2,126,8.63049999999998,0,0
4,126,9.32249999999999,0,0
1,126,10.002,0,0
3,126,10.6945000000001,0,0
2,126,10.6945000000001,0,0
4,126,11.374,0,0
2,126,12.0664999999999,0,0
1,126,12.7460000000001,0,0
3,126,13.4380000000001,0,0
1,126,14.1179999999999,0,0
2,126,14.8099999999999,0,0
3,126,15.502,0,0
4,127,0.182000000000016,0,0
1,127,0.182000000000016,0,0
2,127,0.874000000000024,0,0
4,127,1.55400000000009,0,0
3,127,2.24600000000009,0,0
1,127,2.92599999999993,0,0
4,127,3.61799999999994,0,0
2,127,4.298,0,0
4,127,4.99000000000001,0,0
3,127,5.68200000000002,0,0
1,127,5.68200000000002,0,0
2,127,6.36200000000008,0,0
3,127,7.05400000000009,0,0
4,127,7.73350000000005,0,0
2,127,8.42599999999993,0,0
1,127,8.42599999999993,0,0
3,127,9.10549999999989,0,0
2,127,9.798,0,0
1,127,10.4775,0,0
4,127,11.1695,0,0
2,127,11.8620000000001,0,0
3,127,12.5415,0,0
1,127,12.5415,0,0
4,127,13.2335,0,0
3,127,13.9135000000001,0,0
1,127,14.6054999999999,0,0
2,127,15.2855,0,0
4,127,15.9775,0,0
3,128,0.657500000000027,0,0
1,128,0.657500000000027,0,0
2,128,1.23800000000006,0,0
4,128,1.80649999999991,0,0
2,128,2.3755000000001,0,0
1,128,2.9559999999999,0,0
4,128,3.41350000000011,0,0
2,128,4.09349999999995,0,0
3,128,4.78549999999996,0,0
1,128,5.46499999999992,0,0
4,128,6.15750000000003,0,0
2,128,6.15750000000003,0,0
1,128,6.83699999999999,0,0
3,128,7.07199999999989,0,0
4,128,7.529,0,0
2,128,8.22150000000011,0,0
3,128,8.90100000000007,0,0
1,128,8.90100000000007,0,0
2,128,9.59349999999995,0,0
1,128,10.2729999999999,0,0
3,128,10.9649999999999,0,0
4,128,11.645,0,0
2,128,11.645,0,0
1,128,12.337,0,0
3,128,12.5595000000001,0,0
4,128,13.0170000000001,0,0
2,128,13.7090000000001,0,0
3,128,14.4010000000001,0,0
1,128,14.4010000000001,0,0
4,128,14.9694999999999,0,0
2,128,15.538,0,0
3,129,0.106499999999869,0,0
1,129,0.6875,0,0
4,129,1.14499999999998,0,0
3,129,1.82450000000017,0,0
2,129,2.51699999999983,0,0
1,129,2.51699999999983,0,0
3,129,3.19650000000001,0,0
1,129,3.88900000000012,0,0
4,129,4.58100000000013,0,0
2,129,4.80349999999999,0,0
3,129,5.26049999999987,0,0
1,129,5.95299999999997,0,0
4,129,6.63250000000016,0,0
2,129,6.63250000000016,0,0
1,129,7.32450000000017,0,0
4,129,8.00450000000001,0,0
3,129,8.69650000000001,0,0
1,129,9.37649999999985,0,0
3,129,10.0684999999999,0,0
4,129,10.7604999999999,0,0
2,129,11.4405000000002,0,0
3,129,12.1325000000002,0,0
1,129,12.1325000000002,0,0
4,129,12.701,0,0
2,129,13.2820000000002,0,0
3,129,13.8505,0,0
1,129,14.4189999999999,0,0
4,129,14.8764999999999,0,0
3,129,15.556,0,0
1,130,0.248500000000149,0,0
3,130,0.940500000000156,0,0
4,130,1.61999999999989,0,0
2,130,1.61999999999989,0,0
1,130,2.3125,0,0
4,130,2.99200000000019,0,0
2,130,3.68449999999984,0,0
3,130,4.36400000000003,0,0
1,130,4.36400000000003,0,0
4,130,4.94500000000016,0,0
2,130,5.51350000000002,0,0
1,130,6.08199999999988,0,0
3,130,6.55150000000003,0,0
4,130,7.11999999999989,0,0
2,130,7.80000000000018,0,0
3,130,8.49200000000019,0,0
1,130,9.17200000000003,0,0
4,130,9.86400000000003,0,0
3,130,9.86400000000003,0,0
2,130,10.5439999999999,0,0
4,130,11.2359999999999,0,0
1,130,11.9155000000001,0,0
3,130,12.6080000000002,0,0
2,130,12.6080000000002,0,0
4,130,13.3000000000002,0,0
2,130,13.98,0,0
1,130,14.672,0,0
4,130,15.3515000000002,0,0
3,130,15.3515000000002,0,0
1,131,0.043999999999869,0,0
2,131,0.723500000000058,0,0
4,131,1.41550000000007,0,0
3,131,2.0954999999999,0,0
4,131,2.78749999999991,0,0
2,131,2.78749999999991,0,0
1,131,3.48000000000002,0,0
2,131,4.15950000000021,0,0
4,131,4.85150000000021,0,0
2,131,5.53150000000005,0,0
3,131,6.22350000000006,0,0
1,131,6.90349999999989,0,0
2,131,7.5954999999999,0,0
4,131,8.27550000000019,0,0
3,131,8.27550000000019,0,0
1,131,8.85600000000022,0,0
3,131,9.42450000000008,0,0
2,131,9.99350000000004,0,0
4,131,10.5740000000001,0,0
1,131,11.0315000000001,0,0
3,131,11.5999999999999,0,0
4,131,12.1685000000002,0,0
2,131,12.4034999999999,0,0
1,131,13.0830000000001,0,0
3,131,13.7755000000002,0,0
2,131,14.4549999999999,0,0
4,131,15.1469999999999,0,0
3,131,15.8395,0,0
1,131,15.8395,0,0
2,132,0.518999999999778,0,0
3,132,1.21099999999979,0,0
4,132,1.89100000000008,0,0
2,132,2.58300000000008,0,0
1,132,2.58300000000008,0,0
3,132,3.26299999999992,0,0
1,132,3.95499999999993,0,0
2,132,4.63500000000022,0,0
4,132,5.32700000000023,0,0
3,132,5.32700000000023,0,0
1,132,6.01899999999978,0,0
4,132,6.69900000000007,0,0
2,132,7.39100000000008,0,0
4,132,8.07099999999991,0,0
1,132,8.76299999999992,0,0
2,132,9.44250000000011,0,0
4,132,10.1350000000002,0,0
3,132,10.8145,0,0
1,132,10.8145,0,0
4,132,11.5065,0,0
1,132,12.1990000000001,0,0
3,132,12.8784999999998,0,0
2,132,13.5709999999999,0,0
4,132,14.2505000000001,0,0
1,132,14.4854999999998,0,0
2,132,14.9425000000001,0,0
4,132,15.6224999999999,0,0
3,132,15.6224999999999,0,0
1,133,0.314499999999953,0,0
4,133,0.994499999999789,0,0
2,133,1.6864999999998,0,0
1,133,2.14399999999978,0,0
3,133,2.3784999999998,0,0
2,133,3.05850000000009,0,0
4,133,3.7505000000001,0,0
3,133,4.43049999999994,0,0
2,133,4.88749999999982,0,0
4,133,5.12249999999995,0,0
3,133,5.80200000000013,0,0
1,133,6.49449999999979,0,0
4,133,7.17399999999998,0,0
3,133,7.64399999999978,0,0
1,133,7.86650000000009,0,0
2,133,8.55850000000009,0,0
3,133,9.23799999999983,0,0
2,133,9.93049999999994,0,0
1,133,10.3874999999998,0,0
3,133,10.6100000000001,0,0
4,133,11.3020000000001,0,0
2,133,11.982,0,0
4,133,12.674,0,0
3,133,13.3539999999998,0,0
2,133,14.0459999999998,0,0
1,133,14.0459999999998,0,0
4,133,14.7379999999998,0,0
2,133,15.4180000000001,0,0
1,133,15.8755000000001,0,0
3,134,0.110000000000127,0,0
4,134,0.789999999999964,0,0
2,134,0.789999999999964,0,0
1,134,1.70449999999983,0,0
3,134,2.16199999999981,0,0
2,134,2.61900000000014,0,0
4,134,3.5335,0,0
3,134,3.5335,0,0
1,134,4.46050000000014,0,0
2,134,4.91800000000012,0,0
3,134,5.3755000000001,0,0
4,134,6.28999999999996,0,0
2,134,6.28999999999996,0,0
1,134,6.28999999999996,0,0
3,134,6.96950000000015,0,0
2,134,7.66199999999981,0,0
4,134,9.0335,0,0
3,134,9.0335,0,0
1,134,9.71349999999984,0,0
4,134,10.4054999999998,0,0
3,134,10.4054999999998,0,0
2,134,11.098,0,0
4,134,11.7775000000001,0,0
1,134,11.7775000000001,0,0
4,134,13.1495,0,0
3,134,14.5214999999998,0,0
1,134,14.5214999999998,0,0
2,134,15.2134999999998,0,0
1,134,15.8935000000001,0,0
3,135,1.27750000000015,0,0
2,135,1.27750000000015,0,0
1,135,1.95749999999998,0,0
4,135,2.64949999999999,0,0
4,135,4.02149999999983,0,0
3,135,5.39350000000013,0,0
2,135,5.39350000000013,0,0
1,135,6.07299999999987,0,0
4,135,6.76499999999987,0,0
2,135,6.76499999999987,0,0
4,135,8.13700000000017,0,0
3,135,9.50900000000001,0,0
1,135,9.50900000000001,0,0
2,135,10.201,0,0
3,135,10.8809999999999,0,0
2,135,12.2530000000002,0,0
1,135,12.2530000000002,0,0
3,135,12.9450000000002,0,0
1,135,13.6370000000002,0,0
2,135,15.009,0,0
4,135,15.6889999999999,0,0
2,136,0.380999999999858,0,0
1,136,0.380999999999858,0,0
3,136,1.06050000000005,0,0
1,136,1.75300000000016,0,0
4,136,2.43249999999989,0,0
3,136,3.1244999999999,0,0
4,136,4.4965000000002,0,0
2,136,4.4965000000002,0,0
1,136,5.18899999999985,0,0
4,136,5.86850000000004,0,0
3,136,6.56050000000005,0,0
4,136,7.24049999999988,0,0
1,136,7.24049999999988,0,0
1,136,8.61250000000018,0,0
4,136,9.9965000000002,0,0
2,136,9.9965000000002,0,0
3,136,10.6765,0,0
2,136,11.3685,0,0
1,136,12.0484999999999,0,0
4,136,12.7404999999999,0,0
3,136,12.7404999999999,0,0
2,136,13.4200000000001,0,0
4,136,14.1125000000002,0,0
3,136,15.4845,0,0
2,136,15.4845,0,0
1,137,0.176500000000033,0,0
2,137,0.856000000000222,0,0
4,137,2.22800000000007,0,0
3,137,2.22800000000007,0,0
1,137,2.22800000000007,0,0
2,137,2.92000000000007,0,0
3,137,3.59999999999991,0,0
2,137,4.97200000000021,0,0
1,137,4.97200000000021,0,0
4,137,5.66400000000021,0,0
2,137,6.35600000000022,0,0
3,137,7.03600000000006,0,0
4,137,7.72800000000007,0,0
1,137,7.72800000000007,0,0
1,137,9.09999999999991,0,0
4,137,10.4720000000002,0,0
2,137,10.4720000000002,0,0
3,137,11.1514999999999,0,0
4,137,11.8440000000001,0,0
3,137,13.2154999999998,0,0
1,137,13.2154999999998,0,0
2,137,13.9079999999999,0,0
4,137,14.5875000000001,0,0
3,137,14.5875000000001,0,0
4,137,15.9594999999999,0,0
1,138,0.651499999999942,0,0
3,138,1.33149999999978,0,0
2,138,1.33149999999978,0,0
4,138,2.02349999999979,0,0
3,138,2.71549999999979,0,0
1,138,2.71549999999979,0,0
1,138,4.08750000000009,0,0
4,138,5.45949999999993,0,0
2,138,5.45949999999993,0,0
1,138,6.13950000000023,0,0
2,138,6.83149999999978,0,0
4,138,8.20350000000008,0,0
3,138,8.20350000000008,0,0
2,138,8.89550000000008,0,0
4,138,9.57549999999992,0,0
2,138,10.2674999999999,0,0
3,138,10.9470000000001,0,0
4,138,12.319,0,0
2,138,12.319,0,0
1,138,13.011,0,0
3,138,13.6909999999998,0,0
2,138,14.3829999999998,0,0
3,138,15.0754999999999,0,0
4,139,0.447000000000116,0,0
1,139,0.447000000000116,0,0
3,139,1.01549999999997,0,0
1,139,1.59650000000011,0,0
4,139,2.16499999999996,0,0
2,139,2.73349999999982,0,0
3,139,3.1909999999998,0,0
1,139,3.1909999999998,0,0
4,139,4.5630000000001,0,0
3,139,5.93499999999995,0,0
1,139,5.93499999999995,0,0
4,139,6.51549999999997,0,0
2,139,7.08449999999993,0,0
4,139,7.76400000000012,0,0
3,139,8.3449999999998,0,0
2,139,8.67849999999999,0,0
1,139,8.67849999999999,0,0
1,139,10.0504999999998,0,0
3,139,11.4349999999999,0,0
2,139,11.4349999999999,0,0
4,139,12.1145000000001,0,0
2,139,12.8065000000001,0,0
3,139,14.1785,0,0
1,139,14.1785,0,0
2,139,14.7469999999998,0,0
3,139,15.328,0,0
1,139,15.8964999999998,0,0
4,140,0.465000000000146,0,0
2,140,0.922500000000127,0,0
3,140,1.5034999999998,0,0
1,140,2.07200000000012,0,0
4,140,2.64049999999997,0,0
3,140,3.20899999999983,0,0
2,140,3.66649999999981,0,0
1,140,3.66649999999981,0,0
1,140,5.03800000000001,0,0
3,140,6.40999999999985,0,0
2,140,6.40999999999985,0,0
1,140,7.10199999999986,0,0
2,140,7.79449999999997,0,0
4,140,8.47400000000016,0,0
3,140,9.16649999999981,0,0
1,140,9.16649999999981,0,0
1,140,10.538,0,0
4,140,11.9099999999999,0,0
2,140,11.9099999999999,0,0
1,140,12.5900000000001,0,0
4,140,13.2820000000002,0,0
3,140,13.9740000000002,0,0
2,140,14.654,0,0
1,140,14.654,0,0
3,140,15.346,0,0
2,141,0.0259999999998399,0,0
4,141,1.39800000000014,0,0
3,141,1.39800000000014,0,0
2,141,2.09000000000015,0,0
3,141,2.76949999999988,0,0
1,141,2.76949999999988,0,0
4,141,3.46199999999999,0,0
2,141,4.154,0,0
1,141,4.154,0,0
3,141,4.83350000000019,0,0
2,141,5.52599999999984,0,0
4,141,6.20550000000003,0,0
3,141,6.89800000000014,0,0
1,141,6.89800000000014,0,0
4,141,7.57749999999987,0,0
2,141,8.26949999999988,0,0
1,141,8.94950000000017,0,0
4,141,9.64150000000018,0,0
3,141,9.64150000000018,0,0
2,141,10.3335000000002,0,0
4,141,11.0135,0,0
3,141,11.471,0,0
1,141,11.7055,0,0
2,141,12.3854999999999,0,0
1,141,13.0774999999999,0,0
4,141,13.3000000000002,0,0
3,141,13.7575000000002,0,0
2,141,14.4495000000002,0,0
4,141,15.1289999999999,0,0
1,141,15.1289999999999,0,0
3,142,0.05600000000004,0,0
1,142,0.513500000000022,0,0
4,142,0.971000000000004,0,0
3,142,1.19349999999986,0,0
2,142,1.88549999999987,0,0
3,142,2.80000000000018,0,0
2,142,3.25750000000016,0,0
1,142,3.71450000000004,0,0
4,142,4.62899999999991,0,0
3,142,4.62899999999991,0,0
1,142,5.3090000000002,0,0
2,142,5.54399999999987,0,0
3,142,6.0010000000002,0,0
4,142,6.45850000000019,0,0
3,142,7.37300000000005,0,0
1,142,7.37300000000005,0,0
4,142,8.06500000000005,0,0
2,142,8.28749999999991,0,0
3,142,9.20200000000023,0,0
1,142,9.4369999999999,0,0
4,142,10.1170000000002,0,0
2,142,10.1170000000002,0,0
1,142,10.8090000000002,0,0
4,142,11.489,0,0
2,142,12.181,0,0
3,142,12.873,0,0
2,142,13.5529999999999,0,0
4,142,14.2449999999999,0,0
1,142,14.2449999999999,0,0
3,142,14.9245000000001,0,0
4,142,15.6170000000002,0,0
2,143,0.296499999999924,0,0
3,143,0.989000000000033,0,0
1,143,1.66850000000022,0,0
4,143,2.36049999999977,0,0
2,143,2.36049999999977,0,0
3,143,2.94149999999991,0,0
2,143,3.51000000000022,0,0
1,143,4.19000000000005,0,0
3,143,4.75849999999991,0,0
4,143,5.33950000000004,0,0
2,143,5.33950000000004,0,0
1,143,5.9079999999999,0,0
4,143,6.47650000000021,0,0
3,143,7.05749999999989,0,0
1,143,7.84850000000006,0,0
2,143,8.54050000000007,0,0
4,143,9.23250000000007,0,0
3,143,9.23250000000007,0,0
1,143,9.91249999999991,0,0
4,143,10.6044999999999,0,0
2,143,10.6044999999999,0,0
3,143,11.2845000000002,0,0
1,143,11.9765000000002,0,0
4,143,12.6559999999999,0,0
3,143,13.3485000000001,0,0
2,143,13.3485000000001,0,0
4,143,14.0279999999998,0,0
2,143,14.7199999999998,0,0
3,143,15.4124999999999,0,0
4,144,0.0920000000000982,0,0
1,144,0.0920000000000982,0,0
2,144,0.784500000000207,0,0
4,144,1.46399999999994,0,0
1,144,2.15599999999995,0,0
2,144,2.83599999999979,0,0
1,144,3.52799999999979,0,0
4,144,4.20800000000008,0,0
3,144,4.20800000000008,0,0
2,144,4.90000000000009,0,0
4,144,5.5920000000001,0,0
1,144,6.27199999999993,0,0
3,144,6.96399999999994,0,0
2,144,7.64399999999978,0,0
4,144,8.33599999999979,0,0
1,144,8.33599999999979,0,0
3,144,8.9045000000001,0,0
4,144,9.48549999999977,0,0
1,144,10.165,0,0
2,144,10.7334999999998,0,0
4,144,11.3145,0,0
3,144,11.3145,0,0
1,144,11.8829999999998,0,0
3,144,12.4515000000001,0,0
4,144,13.0324999999998,0,0
1,144,13.8235,0,0
2,144,14.5155,0,0
4,144,15.1954999999998,0,0
3,144,15.1954999999998,0,0
1,144,15.8874999999998,0,0
4,145,0.567500000000109,0,0
2,145,0.567500000000109,0,0
3,145,1.25950000000012,0,0
2,145,1.95150000000012,0,0
4,145,2.63149999999996,0,0
3,145,3.32349999999997,0,0
1,145,3.32349999999997,0,0
2,145,4.0034999999998,0,0
4,145,4.69549999999981,0,0
3,145,4.69549999999981,0,0
1,145,5.3755000000001,0,0
4,145,6.06750000000011,0,0
2,145,6.06750000000011,0,0
3,145,6.74699999999984,0,0
1,145,6.98199999999997,0,0
4,145,7.43949999999995,0,0
2,145,8.13149999999996,0,0
3,145,8.81100000000015,0,0
2,145,9.5034999999998,0,0
4,145,10.183,0,0
1,145,10.183,0,0
3,145,10.8755000000001,0,0
4,145,11.5549999999998,0,0
1,145,12.2469999999998,0,0
2,145,12.4695000000002,0,0
3,145,12.9270000000001,0,0
1,145,13.6190000000001,0,0
4,145,14.3110000000001,0,0
2,145,14.3110000000001,0,0
3,145,14.8800000000001,0,0
2,145,15.4485,0,0
1,146,0.140499999999975,0,0
3,146,0.708999999999833,0,0
4,146,1.28999999999996,0,0
2,146,1.28999999999996,0,0
1,146,1.85849999999982,0,0
3,146,2.42700000000013,0,0
4,146,2.99549999999999,0,0
1,146,3.79899999999998,0,0
2,146,4.49099999999999,0,0
4,146,5.17099999999982,0,0
3,146,5.17099999999982,0,0
1,146,5.86299999999983,0,0
4,146,6.54250000000002,0,0
2,146,6.54250000000002,0,0
3,146,7.23500000000013,0,0
1,146,7.91449999999986,0,0
4,146,8.60649999999987,0,0
3,146,9.28650000000016,0,0
2,146,9.28650000000016,0,0
4,146,9.97850000000017,0,0
1,146,10.2134999999998,0,0
2,146,10.6709999999998,0,0
3,146,11.3505,0,0
4,146,12.0425,0,0
1,146,12.0425,0,0
2,146,12.7224999999999,0,0
4,146,13.4144999999999,0,0
3,146,14.0945000000002,0,0
1,146,14.0945000000002,0,0
2,146,14.7865000000002,0,0
1,146,15.4665,0,0
4,146,15.701,0,0
2,147,0.158500000000004,0,0
3,147,0.850500000000011,0,0
4,147,1.53049999999985,0,0
1,147,2.22249999999985,0,0
3,147,2.90200000000004,0,0
2,147,3.59450000000015,0,0
4,147,4.27399999999989,0,0
1,147,4.27399999999989,0,0
3,147,4.85500000000002,0,0
1,147,5.42349999999988,0,0
4,147,6.11549999999988,0,0
3,147,6.68449999999984,0,0
2,147,7.25300000000016,0,0
1,147,7.25300000000016,0,0
4,147,7.83350000000019,0,0
2,147,8.40200000000004,0,0
1,147,8.971,0,0
4,147,9.77399999999989,0,0
2,147,10.4540000000002,0,0
3,147,11.1460000000002,0,0
1,147,11.1460000000002,0,0
4,147,11.826,0,0
2,147,12.518,0,0
1,147,12.518,0,0
3,147,13.21,0,0
2,147,13.8899999999999,0,0
4,147,14.5819999999999,0,0
3,147,15.2620000000002,0,0
1,147,15.2620000000002,0,0
2,147,15.9540000000002,0,0
3,148,0.633499999999913,0,0
1,148,1.32600000000002,0,0
4,148,2.00550000000021,0,0
2,148,2.00550000000021,0,0
3,148,2.58649999999989,0,0
4,148,3.1550000000002,0,0
2,148,3.84700000000021,0,0
1,148,4.41550000000007,0,0
3,148,4.98450000000003,0,0
2,148,5.56500000000005,0,0
4,148,6.24499999999989,0,0
1,148,6.24499999999989,0,0
3,148,6.8135000000002,0,0
4,148,7.39449999999988,0,0
2,148,8.07400000000007,0,0
3,148,8.6550000000002,0,0
1,148,9.22350000000006,0,0
4,148,9.90349999999989,0,0
2,148,10.4845,0,0
4,148,11.1640000000002,0,0
3,148,11.1640000000002,0,0
1,148,11.6215000000002,0,0
3,148,12.3135000000002,0,0
2,148,12.9935,0,0
1,148,13.6855,0,0
4,148,13.9079999999999,0,0
3,148,14.3649999999998,0,0
4,148,15.0574999999999,0,0
2,148,15.7494999999999,0,0
1,148,15.7494999999999,0,0
3,149,0.429000000000087,0,0
2,149,1.1215000000002,0,0
1,149,1.57850000000008,0,0
4,149,1.80099999999993,0,0
3,149,2.49350000000004,0,0
1,149,3.17299999999977,0,0
4,149,3.86499999999978,0,0
1,149,4.54500000000007,0,0
2,149,5.23700000000008,0,0
4,149,5.92900000000009,0,0
3,149,5.92900000000009,0,0
1,149,6.60899999999992,0,0
3,149,7.30099999999993,0,0
4,149,7.98100000000022,0,0
2,149,7.98100000000022,0,0
1,149,8.5619999999999,0,0
4,149,9.13050000000021,0,0
2,149,9.80999999999995,0,0
3,149,10.3910000000001,0,0
4,149,10.9594999999999,0,0
2,149,11.5405000000001,0,0
3,149,12.2199999999998,0,0
1,149,12.2199999999998,0,0
4,149,12.7890000000002,0,0
3,149,13.3694999999998,0,0
1,149,14.0495000000001,0,0
2,149,14.6305000000002,0,0
3,149,15.1990000000001,0,0
4,149,15.8784999999998,0,0
2,150,0.459499999999935,0,0
4,150,1.13950000000023,0,0
3,150,1.13950000000023,0,0
1,150,1.59650000000011,0,0
3,150,2.28900000000021,0,0
2,150,2.96849999999995,0,0
1,150,3.66049999999996,0,0
3,150,4.34049999999979,0,0
4,150,5.0324999999998,0,0
2,150,5.71250000000009,0,0
1,150,5.71250000000009,0,0
3,150,6.4045000000001,0,0
2,150,7.08449999999993,0,0
1,150,7.55400000000009,0,0
4,150,7.77649999999994,0,0
3,150,8.46849999999995,0,0
1,150,9.14849999999979,0,0
4,150,9.84049999999979,0,0
1,150,10.52,0,0
2,150,11.2125000000001,0,0
4,150,11.8919999999998,0,0
3,150,11.8919999999998,0,0
1,150,12.5844999999999,0,0
3,150,13.2640000000001,0,0
4,150,13.9560000000001,0,0
2,150,13.9560000000001,0,0
3,150,14.5369999999998,0,0
1,150,15.1055000000001,0,0
2,150,15.7855,0,0
4,151,0.353999999999814,0,0
3,151,0.934999999999945,0,0
2,151,1.5034999999998,0,0
4,151,2.19549999999981,0,0
1,151,2.19549999999981,0,0
3,151,2.76400000000012,0,0
4,151,3.33249999999998,0,0
2,151,4.02449999999999,0,0
3,151,4.59349999999995,0,0
1,151,5.16199999999981,0,0
4,151,5.85399999999981,0,0
2,151,6.42250000000013,0,0
4,151,7.11450000000013,0,0
3,151,7.11450000000013,0,0
1,151,7.57200000000012,0,0
3,151,8.25149999999985,0,0
2,151,8.94399999999996,0,0
1,151,9.62350000000015,0,0
4,151,9.85849999999982,0,0
3,151,10.3155000000002,0,0
4,151,11.0079999999998,0,0
2,151,11.6875,0,0
1,151,11.6875,0,0
3,151,12.3800000000001,0,0
2,151,13.0594999999998,0,0
1,151,13.5169999999998,0,0
4,151,13.7514999999999,0,0
3,151,14.4315000000001,0,0
1,151,15.1235000000001,0,0
4,151,15.8035,0,0
1,152,0.495499999999993,0,0
2,152,1.1875,0,0
4,152,1.86749999999984,0,0
3,152,1.86749999999984,0,0
1,152,2.55949999999984,0,0
3,152,3.23950000000013,0,0
4,152,3.93150000000014,0,0
2,152,3.93150000000014,0,0
3,152,4.5,0,0
1,152,5.08100000000013,0,0
2,152,5.76049999999987,0,0
1,152,6.32900000000018,0,0
3,152,6.90999999999985,0,0
2,152,7.47850000000017,0,0
4,152,8.17099999999982,0,0
1,152,8.17099999999982,0,0
3,152,8.73950000000013,0,0
4,152,9.30799999999999,0,0
1,152,10,0,0
3,152,10.5684999999999,0,0
4,152,11.1370000000002,0,0
2,152,11.8290000000002,0,0
1,152,12.3980000000001,0,0
4,152,13.0900000000001,0,0
3,152,13.0900000000001,0,0
2,152,13.547,0,0
3,152,14.2269999999999,0,0
2,152,14.9189999999999,0,0
1,152,15.5990000000002,0,0
4,152,15.8335000000002,0,0
3,153,0.291000000000167,0,0
4,153,0.971000000000004,0,0
2,153,1.66300000000001,0,0
1,153,1.66300000000001,0,0
3,153,2.3425000000002,0,0
2,153,3.03499999999985,0,0
1,153,3.49200000000019,0,0
4,153,3.72699999999986,0,0
3,153,4.40650000000005,0,0
1,153,5.09900000000016,0,0
2,153,5.32150000000001,0,0
4,153,5.77849999999989,0,0
3,153,6.23599999999988,0,0
1,153,6.471,0,0
2,153,7.15050000000019,0,0
4,153,7.8425000000002,0,0
3,153,7.8425000000002,0,0
1,153,8.52250000000004,0,0
2,153,8.99200000000019,0,0
3,153,9.21450000000004,0,0
4,153,9.90650000000005,0,0
1,153,9.90650000000005,0,0
2,153,10.5864999999999,0,0
3,153,11.2784999999999,0,0
1,153,12.6505000000002,0,0
4,153,14.0225,0,0
3,153,14.0225,0,0
2,153,14.7020000000002,0,0
4,153,15.3944999999999,0,0
1,153,15.3944999999999,0,0
4,154,0.766500000000178,0,0
3,154,2.13799999999992,0,0
1,154,2.13799999999992,0,0
2,154,2.83050000000003,0,0
3,154,3.51000000000022,0,0
4,154,4.20200000000023,0,0
2,154,4.88200000000006,0,0
1,154,4.88200000000006,0,0
4,154,5.57400000000007,0,0
1,154,6.26650000000018,0,0
3,154,7.63799999999992,0,0
4,154,8.31800000000021,0,0
3,154,9.01000000000022,0,0
2,154,9.01000000000022,0,0
1,154,9.69000000000005,0,0
4,154,10.3820000000001,0,0
2,154,10.3820000000001,0,0
4,154,11.7539999999999,0,0
3,154,13.1260000000002,0,0
1,154,13.1260000000002,0,0
2,154,13.8180000000002,0,0
4,154,14.498,0,0
3,154,14.498,0,0
1,154,15.1900000000001,0,0
4,154,15.8694999999998,0,0
2,154,15.8694999999998,0,0
3,155,0.561999999999898,0,0
1,155,1.24150000000009,0,0
3,155,1.93350000000009,0,0
2,155,2.6260000000002,0,0
4,155,3.99800000000005,0,0
3,155,3.99800000000005,0,0
1,155,4.67749999999978,0,0
4,155,5.36949999999979,0,0
2,155,6.04950000000008,0,0
4,155,6.74150000000009,0,0
3,155,8.11349999999993,0,0
1,155,8.11349999999993,0,0
4,155,8.80549999999994,0,0
1,155,9.48549999999977,0,0
3,155,10.1774999999998,0,0
4,155,10.8575000000001,0,0
1,155,10.8575000000001,0,0
4,155,12.2289999999998,0,0
3,155,12.2289999999998,0,0
3,155,13.6010000000001,0,0
1,155,13.6010000000001,0,0
2,155,14.2935000000002,0,0
3,155,14.9854999999998,0,0
4,155,15.665,0,0
2,156,0.357500000000073,0,0
1,156,0.357500000000073,0,0
3,156,1.72899999999981,0,0
1,156,1.72899999999981,0,0
4,156,3.10100000000011,0,0
2,156,3.10100000000011,0,0
1,156,3.78099999999995,0,0
2,156,4.47299999999996,0,0
4,156,5.8449999999998,0,0
3,156,5.8449999999998,0,0
1,156,5.8449999999998,0,0
2,156,6.53699999999981,0,0
3,156,7.2170000000001,0,0
4,156,8.58899999999994,0,0
2,156,9.96050000000014,0,0
1,156,9.96050000000014,0,0
3,156,10.6529999999998,0,0
4,156,11.3449999999998,0,0
1,156,11.3449999999998,0,0
1,156,12.7170000000001,0,0
4,156,14.0889999999999,0,0
2,156,14.0889999999999,0,0
3,156,14.7685000000001,0,0
2,156,15.4605000000001,0,0
4,157,0.832499999999982,0,0
3,157,0.832499999999982,0,0
1,157,1.52449999999999,0,0
4,157,2.20449999999983,0,0
2,157,2.20449999999983,0,0
2,157,3.57650000000012,0,0
4,157,4.94849999999997,0,0
3,157,4.94849999999997,0,0
2,157,5.64049999999997,0,0
3,157,6.32000000000016,0,0
1,157,6.32000000000016,0,0
1,157,7.70449999999983,0,0
4,157,9.07650000000012,0,0
2,157,9.07650000000012,0,0
1,157,9.75599999999986,0,0
4,157,10.4485,0,0
3,157,10.4485,0,0
2,157,11.1280000000002,0,0
3,157,11.8200000000002,0,0
1,157,11.8200000000002,0,0
2,157,12.5,0,0
4,157,13.192,0,0
2,157,13.8845000000001,0,0
3,157,14.5639999999999,0,0
4,157,15.9360000000001,0,0
2,157,15.9360000000001,0,0
1,158,0.628000000000156,0,0
4,158,1.30799999999999,0,0
2,158,2,0,0
4,158,2.67999999999984,0,0
3,158,4.06399999999985,0,0
1,158,4.06399999999985,0,0
4,158,4.63250000000016,0,0
2,158,5.20100000000002,0,0
3,158,5.76949999999988,0,0
2,158,6.35050000000001,0,0
4,158,6.80799999999999,0,0
1,158,6.80799999999999,0,0
4,158,8.17999999999984,0,0
3,158,8.17999999999984,0,0
3,158,9.55150000000003,0,0
1,158,9.55150000000003,0,0
4,158,10.1325000000002,0,0
2,158,10.701,0,0
4,158,11.3809999999999,0,0
3,158,11.9495000000002,0,0
2,158,12.2955000000002,0,0
1,158,12.2955000000002,0,0
3,158,13.6675,0,0
1,158,13.6675,0,0
3,158,15.0394999999999,0,0
2,158,15.0394999999999,0,0
4,158,15.7314999999999,0,0
2,159,0.423499999999876,0,0
4,159,1.79550000000017,0,0
3,159,1.79550000000017,0,0
1,159,1.79550000000017,0,0
2,159,2.36400000000003,0,0
3,159,2.94500000000016,0,0
1,159,3.51350000000002,0,0
4,159,4.08199999999988,0,0
2,159,4.53949999999986,0,0
3,159,5.10800000000017,0,0
1,159,5.68899999999985,0,0
4,159,6.25750000000016,0,0
3,159,6.82600000000002,0,0
2,159,7.2829999999999,0,0
1,159,7.2829999999999,0,0
2,159,8.6550000000002,0,0
4,159,10.027,0,0
3,159,10.027,0,0
1,159,10.027,0,0
2,159,10.7190000000001,0,0
3,159,11.3989999999999,0,0
4,159,12.7829999999999,0,0
2,159,12.7829999999999,0,0
1,159,12.7829999999999,0,0
3,159,13.4630000000002,0,0
2,159,14.1550000000002,0,0
1,159,14.835,0,0
4,159,15.527,0,0
3,159,15.527,0,0
2,160,0.206499999999778,0,0
4,160,0.898999999999887,0,0
2,160,1.57850000000008,0,0
4,160,2.27100000000019,0,0
3,160,2.27100000000019,0,0
1,160,2.27100000000019,0,0
2,160,2.96300000000019,0,0
3,160,3.64249999999993,0,0
1,160,4.33500000000004,0,0
4,160,5.01450000000023,0,0
2,160,5.01450000000023,0,0
3,160,5.70649999999978,0,0
2,160,6.38650000000007,0,0
4,160,7.07850000000008,0,0
3,160,7.75849999999991,160,13.2584999999999
2,160,7.75849999999991,0,0
1,160,8.68550000000005,0,0
4,160,9.59999999999991,0,0
2,160,10.5145000000002,0,0
1,160,11.4290000000001,0,0
2,160,12.3440000000001,0,0
4,160,13.2584999999999,0,0
1,160,13.2584999999999,161,0.00199999999995271
2,160,14.1729999999998,0,0
3,160,15.0875000000001,0,0
2,161,0.00199999999995271,161,5.50199999999995
4,161,0.00199999999995271,0,0
4,161,2.74600000000009,0,0
3,161,2.74600000000009,0,0
1,161,2.74600000000009,0,0
3,161,5.50199999999995,161,10.9899999999998
1,161,10.9899999999998,162,0.329000000000178
4,161,13.7334999999998,0,0
2,161,13.7334999999998,0,0
2,162,0.329000000000178,0,0
3,162,2.92450000000008,0,0
4,162,5.39649999999983,0,0
1,162,6.86749999999984,0,0
2,162,8.33800000000019,0,0
4,162,10.9830000000002,0,0
2,162,13.826,0,0
1,163,0.545000000000073,0,0
2,163,2.11450000000013,0,0
3,163,3.65950000000021,0,0
1,163,6.3415,0,0
4,163,9.02349999999979,0,0
2,163,11.8415,0,0
1,163,14.6469999999999,0,0
4,164,1.29199999999992,0,0
2,164,4.14699999999993,0,0
1,164,6.90349999999989,164,9.65950000000021
4,164,9.61000000000013,164,12.3665000000001
3,164,9.61000000000013,0,0
1,164,12.3665000000001,0,0
2,164,15.1224999999999,0,0
1,165,1.8784999999998,0,0
4,165,1.8784999999998,0,0
2,165,4.63500000000022,0,0
3,165,6.00649999999996,0,0
4,165,7.39100000000008,0,0
1,165,10.1469999999999,0,0
3,165,12.9034999999999,0,0
1,165,15.6595000000002,0,0
4,165,15.6595000000002,0,0
2,166,2.41550000000007,0,0
4,166,3.91100000000006,0,0
3,166,5.17200000000003,0,0
3,166,7.92799999999988,0,0
2,166,7.92799999999988,0,0
4,166,9.20100000000002,0,0
2,166,10.6844999999998,0,0
1,166,13.4405000000002,0,0
2,167,0.196500000000015,167,3.64499999999998
1,167,2.95299999999997,167,5.70899999999983
3,167,5.70899999999983,167,11.0360000000001
4,167,5.70899999999983,0,0
2,167,8.36650000000009,0,0
4,167,11.0360000000001,167,15.1765
1,167,11.0360000000001,0,0
3,167,13.8045000000002,0,0
2,168,0.202000000000226,168,3.29199999999992
4,168,0.202000000000226,0,0
1,168,3.29199999999992,0,0
3,168,6.01099999999997,0,0
4,168,6.01099999999997,0,0
2,168,8.76749999999993,0,0
3,168,11.511,0,0
1,168,11.511,0,0
4,168,14.2550000000001,0,0
2,169,0.998999999999796,0,0
1,169,0.998999999999796,0,0
2,169,3.74249999999984,169,6.48649999999998
1,169,6.48649999999998,0,0
4,169,6.48649999999998,0,0
2,169,9.24249999999984,0,0
3,169,10.6145000000001,0,0
4,169,11.9865,0,0
1,169,11.9865,0,0
2,169,14.7305000000001,170,1.47400000000016
4,170,1.47400000000016,0,0
3,170,1.47400000000016,170,6.97400000000016
2,170,4.23050000000012,0,0
4,170,6.97400000000016,170,11.0900000000001
1,170,6.97400000000016,0,0
3,170,9.71799999999985,0,0
2,170,12.1154999999999,170,15.2055
4,170,12.1154999999999,0,0
1,170,15.2055,0,0
4,171,1.96199999999999,0,0
3,171,1.96199999999999,0,0
2,171,4.70550000000003,0,0
2,171,6.07749999999987,0,0
3,171,7.44950000000017,0,0
1,171,7.44950000000017,0,0
2,171,8.82150000000001,0,0
3,171,10.1934999999999,0,0
4,171,11.5650000000001,0,0
1,171,12.9495000000002,0,0
2,171,12.9495000000002,0,0
2,171,15.6934999999999,172,2.4369999999999
1,172,2.4369999999999,0,0
4,172,2.4369999999999,0,0
2,172,5.18100000000004,0,0
3,172,6.55299999999988,0,0
1,172,7.92450000000008,0,0
4,172,7.92450000000008,0,0
2,172,10.681,172,13.4245000000001
3,172,13.4245000000001,173,2.88749999999982
1,172,13.4245000000001,0,0
2,173,0.155999999999949,0,0
1,173,2.88749999999982,173,5.63149999999996
4,173,2.88749999999982,0,0
4,173,5.63149999999996,173,8.36299999999983
3,173,8.36299999999983,0,0
1,173,8.36299999999983,0,0
2,173,10.7604999999999,173,13.8380000000002
3,173,13.8380000000002,174,3.3135000000002
4,173,13.8380000000002,0,0
2,174,0.569500000000062,0,0
4,174,3.3135000000002,0,0
1,174,3.3135000000002,0,0
2,174,6.06950000000006,0,0
4,174,7.56500000000005,0,0
3,174,8.83800000000019,0,0
1,174,8.83800000000019,0,0
1,174,11.4955,0,0
1,174,14.3755000000001,0,0
2,174,14.3755000000001,0,0
3,175,1.01999999999998,0,0
2,175,2.3425000000002,0,0
4,175,3.66499999999996,0,0
1,175,3.66499999999996,0,0
2,175,4.98750000000018,0,0
3,175,6.30999999999995,175,8.9675000000002
2,175,8.9675000000002,0,0
2,176,15.2514999999999,0,0
4,176,15.2514999999999,0,0
2,177,0.623500000000149,0,0
1,177,1.99549999999999,0,0
3,177,3.36749999999984,0,0
3,177,4.73950000000013,0,0
1,177,6.11099999999988,0,0
4,177,7.48300000000017,0,0
2,177,7.48300000000017,0,0
4,177,8.85500000000002,0,0
1,177,10.2269999999999,0,0
1,177,11.6109999999999,0,0
2,177,12.9830000000002,0,0
3,177,14.355,0,0
4,177,15.7269999999999,0,0
4,178,1.09900000000016,0,0
3,178,2.471,0,0
3,178,3.8425000000002,0,0
4,178,5.21450000000004,0,0
2,178,5.21450000000004,0,0
2,178,6.58649999999989,0,0
1,178,7.971,0,0
3,178,9.3425000000002,0,0
3,178,10.7145,0,0
1,178,12.0864999999999,0,0
2,178,13.4585000000002,0,0
4,178,13.4585000000002,0,0
4,178,14.8305,0,0
1,179,0.202000000000226,0,0
1,179,1.57400000000007,0,0
2,179,2.94599999999991,0,0
3,179,4.33050000000003,0,0
4,179,5.70200000000023,0,0
4,179,7.07400000000007,0,0
3,179,8.44599999999991,0,0
3,179,9.81800000000021,0,0