4,1,0.5,1,3.4851459571
2,1,3.4851459571,0,0
3,1,7.9628648928,0,0
2,1,9.45543787135,0,0
1,1,10.9480108499,0,0
2,1,12.44058382845,0,0
3,1,15.4257297856,0,0
2,2,3.8911134074,0,0
3,2,5.38368638595,0,0
4,2,6.8762593645,0,0
3,2,8.36883234305,0,0
2,2,11.3539783002,0,0
3,2,15.83169723585,0,0
4,3,1.3242702144,0,0
3,3,2.81684319295,0,0
2,3,4.30941617155,0,0
4,3,7.29456212865,0,0
3,3,8.7871351072,0,0
2,3,10.27970808575,0,0
4,3,13.2648540429,0,0
3,3,14.75742702145,0,0
2,4,0.25,0,0
1,4,3.2351459571,0,0
3,4,7.7128648928,0,0
2,4,9.20543787135,0,0
3,4,10.6980108499,0,0
4,4,12.19058382845,0,0
3,4,15.1633944717,0,0
2,5,3.6411134074,0,0
3,5,5.13368638595,0,0
1,5,6.6262593645,0,0
2,5,8.11883234305,0,0
3,5,11.1039783002,0,0
2,5,15.58169723585,0,0
1,6,1.0742702144,0,0
2,6,2.56684319295,0,0
3,6,4.05941617155,0,0
1,6,7.04456212865,0,0
2,6,8.5371351072,0,0
3,6,10.02970808575,0,0
1,6,13.0148540429,0,0
2,6,14.50742702145,0,0
3,7,0,0,0
1,7,2.9851459571,0,0
3,7,7.4628648928,0,0
4,7,8.95543787135,0,0
3,7,10.4480108499,0,0
2,7,11.94058382845,0,0
1,7,14.9133944717,0,0
2,8,4.88368638595,0,0
3,8,6.3762593645,0,0
4,8,7.86883234305,0,0
2,8,10.8539783002,0,0
1,9,0.824270214400002,0,0
3,9,2.31684319294999,0,0
4,9,3.80941617155,0,0
3,9,6.79456212865,0,0
2,9,11.2722810643,0,0
3,9,12.7648540429,0,0
2,9,14.25742702145,0,0
1,9,15.75,0,0
3,10,2.7351459571,0,0
1,10,8.70543787135,0,0
2,10,10.1980108499,0,0
3,10,11.6782485146,0,0
2,10,14.6633944717,0,0
2,11,4.63368638595,0,0
3,11,6.12625936449999,0,0
4,11,7.61883234305,0,0
1,11,10.6039783002,0,0
2,11,15.08169723585,0,0
3,12,0.574270214400002,0,0
2,12,2.06684319294999,0,0
1,12,3.55941617155,0,0
4,12,6.54456212865,0,0
4,12,12.5148540429,0,0
3,12,14.00742702145,0,0
2,12,15.5,0,0
4,13,2.4851459571,0,0
3,13,6.96286489280001,0,0
2,13,8.45543787135,0,0
3,13,9.93567553605001,0,0
4,13,11.4282485146,0,0
1,13,14.4133944717,0,0
2,14,4.38368638595,0,0
3,14,5.87625936449999,0,0
4,14,7.36883234305,0,0
2,14,10.3539783002,0,0
1,15,0.324270214400002,0,0
2,15,1.81684319294999,0,0
3,15,3.30941617155,0,0
4,15,6.29456212865,0,0
3,15,10.77228106435,0,0
2,15,12.2648540429,0,0
3,15,13.75742702145,0,0
4,15,15.25,0,0
1,16,2.2351459571,0,0
3,16,6.71286489280001,0,0
2,16,8.1931025575,0,0
3,16,9.68567553605001,0,0
4,16,11.1782485146,0,0
2,16,14.1633944717,0,0
1,17,4.13368638595,0,0
2,17,5.62625936450002,0,0
3,17,7.11883234304997,0,0
4,17,10.1039783002,0,0
3,17,14.58169723585,0,0
2,18,0.0742702143999736,0,0
3,18,1.56684319294999,0,0
4,18,3.05941617155003,0,0
2,18,6.04456212865,0,0
2,18,12.0148540429,0,0
3,18,13.50742702145,0,0
4,18,15,0,0
3,19,1.98514595709997,0,0
3,19,7.94310255750003,0,0
2,19,9.43567553604998,0,0
1,19,10.9282485146,0,0
2,19,13.9133944717,0,0
4,20,3.88368638595,0,0
3,20,5.37625936450002,0,0
2,20,6.86883234304997,0,0
1,20,9.85397830020003,0,0
3,20,14.33169723585,0,0
2,20,15.8242702144,0,0
3,21,1.31684319294999,0,0
4,21,2.80941617155003,0,0
3,21,5.79456212865,0,0
2,21,10.27228106435,0,0
1,21,11.7648540429,0,0
2,21,13.25742702145,0,0
3,21,14.75,0,0
4,22,1.73514595709997,0,0
2,22,7.69310255750003,0,0
3,22,9.18567553604998,0,0
4,22,10.6782485146,0,0
1,22,13.6633944717,0,0
3,23,2.14111340739998,0,0
4,23,3.63368638595,0,0
3,23,5.12625936450002,0,0
2,23,6.61883234304997,0,0
3,23,9.60397830020003,0,0
2,23,14.08169723585,0,0
1,23,15.5742702144,0,0
2,24,1.06684319294999,0,0
3,24,2.55941617155003,0,0
1,24,5.54456212865,0,0
4,24,11.5148540429,0,0
3,24,13.00742702145,0,0
2,24,14.5,0,0
3,25,1.48514595709997,0,0
3,25,5.95052957889999,0,0
2,25,7.44310255750003,0,0
3,25,8.93567553604998,0,0
4,25,10.4282485146,0,0
2,25,13.4133944717,0,0
3,26,1.89111340739998,0,0
4,26,3.38368638595,0,0
3,26,4.87625936450002,0,0
2,26,6.36883234304997,0,0
1,26,9.35397830020003,0,0
3,26,13.83169723585,0,0
2,26,15.3242702144,0,0
3,27,0.816843192949989,0,0
4,27,2.30941617155003,0,0
3,27,5.29456212865,0,0
2,27,9.77228106435001,0,0
1,27,11.2648540429,0,0
2,27,12.75742702145,0,0
3,27,14.25,0,0
2,28,1.22281064325,0,0
3,28,5.70052957889999,0,0
4,28,7.19310255750003,0,0
3,28,8.68567553604998,0,0
2,28,10.1782485146,0,0
1,28,13.1633944717,0,0
2,29,1.64111340739998,0,0
3,29,3.13368638595,0,0
2,29,4.62625936450002,0,0
1,29,6.11883234304997,0,0
3,29,9.10397830020003,0,0
3,29,13.58169723585,0,0
2,29,15.0742702144,0,0
3,30,0.566843192949989,0,0
4,30,2.05941617155003,0,0
3,30,5.04456212865,0,0
1,30,11.0148540429,0,0
2,30,12.50742702145,0,0
3,30,14,0,0
4,30,14,0,0
1,31,0.97281064325,0,0
3,31,3.95795660034997,0,0
4,31,3.95795660034997,0,0
2,31,6.94310255750003,0,0
3,31,9.9282485146,0,0
4,31,9.9282485146,0,0
1,31,12.9133944717,0,0
3,31,15.89854042885,0,0
4,31,15.89854042885,0,0
2,32,2.88368638595,0,0
1,32,5.86883234304997,0,0
3,32,5.86883234304997,0,0
2,32,8.85397830020003,0,0
1,32,11.8391242573,0,0
3,32,11.8391242573,0,0
4,32,14.8242702144,0,0
1,33,1.80941617154997,0,0
3,33,1.80941617154997,0,0
2,33,4.79456212865,0,0
1,33,7.77970808575003,0,0
3,33,7.77970808575003,0,0
4,33,10.7648540429,0,0
2,33,13.73766468615,0,0
3,33,13.73766468615,0,0
1,34,0.72281064325,0,0
2,34,3.70795660035003,0,0
3,34,3.70795660035003,0,0
4,34,6.69310255749997,0,0
2,34,9.6782485146,0,0
3,34,9.6782485146,0,0
1,34,12.6633944717,0,0
2,34,15.64854042885,0,0
3,34,15.64854042885,0,0
4,35,2.63368638595,0,0
1,35,5.61883234305003,0,0
2,35,5.61883234305003,0,0
3,35,8.60397830019997,0,0
1,35,11.5891242573,0,0
2,35,11.5891242573,0,0
4,35,14.5742702144,0,0
1,36,1.55941617154997,0,0
2,36,1.55941617154997,0,0
3,36,4.54456212865,0,0
1,36,7.52970808575003,0,0
2,36,7.52970808575003,0,0
3,36,10.5148540429,0,0
2,36,13.48766468615,0,0
4,36,13.48766468615,0,0
1,37,0.47281064325,0,0
2,37,3.45795660035003,0,0
4,37,3.45795660035003,0,0
3,37,6.44310255749997,0,0
2,37,9.4282485146,0,0
4,37,9.4282485146,0,0
1,37,12.4133944717,0,0
2,37,15.39854042885,0,0
4,37,15.39854042885,0,0
3,38,2.38368638595,0,0
1,38,5.36883234305003,0,0
2,38,5.36883234305003,0,0
4,38,8.35397830019997,0,0
1,38,11.3391242573,0,0
2,38,11.3391242573,0,0
3,38,14.3242702144,0,0
1,39,1.30941617154997,0,0
2,39,1.30941617154997,0,0
4,39,4.29456212865,0,0
1,39,7.27970808575003,0,0
2,39,7.27970808575003,0,0
3,39,10.252518729,0,0
2,39,13.23766468615,0,0
4,39,13.23766468615,0,0
3,40,0.22281064325,0,0
2,40,3.20795660035003,0,0
4,40,3.20795660035003,0,0
1,40,6.19310255749997,0,0
2,40,9.1782485146,0,0
4,40,9.1782485146,0,0
3,40,12.1633944717,0,0
2,40,15.14854042885,0,0
4,40,15.14854042885,0,0
1,41,2.13368638595,0,0
2,41,5.11883234305003,0,0
3,41,5.11883234305003,0,0
4,41,8.10397830019997,0,0
2,41,11.0891242573,0,0
3,41,11.0891242573,0,0
1,41,14.0742702144,0,0
2,42,1.05941617154997,0,0
3,42,1.05941617154997,0,0
4,42,4.04456212865,0,0
2,42,7.0173727719,0,0
3,42,7.0173727719,0,0
1,42,10.002518729,0,0
3,42,12.98766468615,0,0
4,42,12.98766468615,0,0
1,42,15.97281064325,0,0
3,43,2.95795660035003,0,0
4,43,2.95795660035003,0,0
2,43,5.94310255749997,0,0
3,43,8.9282485146,0,0
4,43,8.9282485146,0,0
1,43,11.9133944717,0,0
3,43,14.89854042885,0,0
4,43,14.89854042885,0,0
2,44,1.88368638595,0,0
1,44,4.86883234305003,0,0
3,44,4.86883234305003,0,0
2,44,7.85397830019997,0,0
1,44,10.8391242573,0,0
3,44,10.8391242573,0,0
4,44,13.8242702144,0,0
1,45,0.809416171549969,0,0
3,45,0.809416171549969,0,0
2,45,3.79456212865,0,0
1,45,6.7673727719,0,0
3,45,6.7673727719,0,0
4,45,9.75251872900003,0,0
2,45,12.73766468615,0,0
3,45,12.73766468615,0,0
1,45,15.72281064325,0,0
2,46,2.70795660035003,0,0
3,46,2.70795660035003,0,0
4,46,5.69310255749997,0,0
2,46,8.6782485146,0,0
3,46,8.6782485146,0,0
1,46,11.6633944717,0,0
2,46,14.64854042885,0,0
3,46,14.64854042885,0,0
4,47,1.63368638595,0,0
1,47,4.61883234305003,0,0
2,47,4.61883234305003,0,0
3,47,7.60397830019997,0,0
1,47,10.5891242573,0,0
2,47,10.5891242573,0,0
4,47,13.5742702144,0,0
1,48,0.559416171549969,0,0
2,48,0.559416171549969,0,0
3,48,3.53222681479997,0,0
1,48,6.5173727719,0,0
2,48,6.5173727719,0,0
3,48,9.50251872900003,0,0
2,48,12.48766468615,0,0
4,48,12.48766468615,0,0
1,48,15.47281064325,0,0
2,49,2.45795660035003,0,0
4,49,2.45795660035003,0,0
3,49,5.44310255749997,0,0
2,49,8.4282485146,0,0
4,49,8.4282485146,0,0
1,49,11.4133944717,0,0
2,49,14.39854042885,0,0
4,49,14.39854042885,0,0
3,50,1.38368638595,0,0
1,50,4.36883234305003,0,0
2,50,4.36883234305003,0,0
4,50,7.35397830019997,0,0
1,50,10.3391242573,0,0
2,50,10.3391242573,0,0
3,50,13.3242702144,0,0
1,51,0.309416171549969,0,0
2,51,0.309416171549969,0,0
4,51,3.28222681479997,0,0
1,51,6.2673727719,0,0
2,51,6.2673727719,0,0
3,51,9.25251872900003,0,0
2,51,12.23766468615,0,0
4,51,12.23766468615,0,0
3,51,15.22281064325,0,0
2,52,2.20795660035003,0,0
4,52,2.20795660035003,0,0
1,52,5.19310255749997,0,0
2,52,8.1782485146,0,0
4,52,8.1782485146,0,0
3,52,11.1633944717,0,0
2,52,14.14854042885,0,0
4,52,14.14854042885,0,0
1,53,1.13368638595,0,0
2,53,4.11883234305003,0,0
3,53,4.11883234305003,0,0
4,53,7.10397830019997,0,0
2,53,10.0891242573,0,0
3,53,10.0891242573,0,0
1,53,13.0742702144,0,0
2,54,0.0470808576500303,0,0
3,54,0.0470808576500303,0,0
4,54,3.03222681479997,0,0
2,54,6.0173727719,0,0
3,54,6.0173727719,0,0
1,54,9.00251872900003,0,0
4,54,11.98766468615,0,0
2,54,11.98766468615,0,0
3,54,11.98766468615,0,0
1,54,14.97281064325,0,0
4,55,1.95795660035003,0,0
3,55,4.94310255749997,0,0
2,55,6.43567553604998,0,0
3,55,7.9282485146,0,0
4,55,9.42082149315002,0,0
3,55,10.9133944717,0,0
1,55,10.9133944717,0,0
2,55,15.3911134074,0,0
3,56,0.88368638595,0,0
4,56,0.88368638595,0,0
1,56,2.37625936450002,0,0
2,56,3.86883234305003,0,0
3,56,6.85397830019997,0,0
2,56,9.8391242573,0,0
1,56,12.8242702144,0,0
3,56,14.3045078791,0,0
2,56,15.79708085765,0,0
1,57,1.28965383620005,0,0
2,57,2.78222681479997,0,0
3,57,2.78222681479997,0,0
4,57,5.7673727719,0,0
3,57,8.75251872900003,0,0
2,57,8.75251872900003,0,0
1,57,11.73766468615,0,0
3,57,14.72281064325,0,0
1,58,1.70795660035003,0,0
4,58,4.69310255749997,0,0
2,58,6.18567553604998,0,0
3,58,7.6782485146,0,0
4,58,9.17082149315002,0,0
3,58,10.6633944717,0,0
1,58,10.6633944717,0,0
2,58,15.1411134074,0,0
3,59,0.63368638595,0,0
1,59,0.63368638595,0,0
2,59,2.12625936450002,0,0
4,59,3.61883234305003,0,0
3,59,6.60397830019997,0,0
4,59,9.5891242573,0,0
3,59,12.56193490055,0,0
2,59,14.0545078791,0,0
4,59,15.54708085765,0,0
1,60,1.03965383620005,0,0
3,60,2.53222681479997,0,0
2,60,2.53222681479997,0,0
1,60,5.5173727719,0,0
3,60,8.50251872900003,0,0
2,60,8.50251872900003,0,0
4,60,11.48766468615,0,0
3,60,14.47281064325,0,0
4,61,1.45795660035003,0,0
1,61,4.44310255749997,0,0
3,61,5.93567553604998,0,0
4,61,7.4282485146,0,0
3,61,8.92082149315002,0,0
2,61,10.4133944717,0,0
1,61,10.4133944717,0,0
2,61,14.8911134074,0,0
3,62,0.38368638595,0,0
4,62,0.38368638595,0,0
2,62,1.87625936450002,0,0
3,62,3.36883234305003,0,0
1,62,6.35397830019997,0,0
3,62,9.3391242573,0,0
4,62,12.31193490055,0,0
2,62,13.8045078791,0,0
3,62,15.29708085765,0,0
4,63,0.789653836200046,0,0
3,63,2.28222681479997,0,0
1,63,2.28222681479997,0,0
2,63,5.2673727719,0,0
1,63,8.25251872900003,0,0
3,63,8.25251872900003,0,0
2,63,11.23766468615,0,0
4,63,14.22281064325,0,0
2,64,1.20795660035003,0,0
1,64,4.19310255749997,0,0
3,64,5.68567553604998,0,0
1,64,7.1782485146,0,0
4,64,8.67082149315002,0,0
2,64,10.1633944717,0,0
3,64,10.1633944717,0,0
1,64,14.6411134074,0,0
2,65,0.133686385950114,0,0
3,65,0.133686385950114,0,0
4,65,1.6262593644999,0,0
1,65,3.11883234304992,0,0
1,65,9.07678894345008,0,0
2,65,13.5545078790999,65,15.0470808576499
3,65,15.0470808576499,66,0.539653836199932
4,66,0.539653836199932,66,2.03222681479997
3,66,2.03222681479997,66,3.52479979334998
2,66,5.0173727719,66,8.00251872900003
1,66,5.0173727719,0,0
4,66,5.0173727719,0,0
4,66,8.00251872900003,66,10.9876646861501
1,66,10.9876646861501,0,0
3,66,10.9876646861501,0,0
2,66,10.9876646861501,66,12.4802376647001
3,66,13.9728106432501,0,0
2,67,0.957956600349917,67,2.45052957889993
4,67,0.957956600349917,0,0
3,67,0.957956600349917,0,0
1,67,3.94310255749997,0,0
3,67,5.43567553604998,67,6.9282485146
4,67,6.9282485146,67,8.42082149315002
2,67,6.9282485146,0,0
1,67,6.9282485146,0,0
1,67,8.42082149315002,67,9.91339447170003
2,67,9.91339447170003,67,11.4059674503001
3,67,9.91339447170003,0,0
1,67,12.8985404288501,0,0
4,67,12.8985404288501,0,0
3,67,14.3911134074001,67,15.8836863859501
4,67,15.8836863859501,68,1.3762593644999
2,67,15.8836863859501,0,0
3,68,1.3762593644999,68,2.86883234304992
2,68,2.86883234304992,68,4.36140532164995
1,68,2.86883234304992,0,0
4,68,2.86883234304992,0,0
4,68,5.85397830019997,0,0
2,68,8.82678894345008,68,10.3193619220001
1,68,8.82678894345008,0,0
3,68,8.82678894345008,0,0
3,68,11.8119349005501,0,0
1,68,13.3045078790999,68,14.7970808576499
3,68,14.7970808576499,69,0.289653836199932
4,68,14.7970808576499,0,0
2,68,14.7970808576499,0,0
2,69,0.289653836199932,69,1.78222681479997
4,69,1.78222681479997,69,3.27479979334998
1,69,1.78222681479997,0,0
3,69,4.7673727719,69,6.25994575045002
2,69,4.7673727719,0,0
1,69,4.7673727719,0,0
2,69,7.75251872900003,69,9.24509170755005
4,69,7.75251872900003,0,0
1,69,10.7376646861501,69,12.2302376647001
3,69,10.7376646861501,0,0
4,69,10.7376646861501,0,0
2,69,13.7228106432501,0,0
1,70,0.707956600349917,70,2.20052957889993
4,70,0.707956600349917,0,0
3,70,0.707956600349917,0,0
3,70,3.69310255749997,0,0
2,70,5.18567553604998,70,6.6782485146
3,70,6.6782485146,70,8.17082149315002
1,70,6.6782485146,0,0
4,70,6.6782485146,0,0
4,70,8.17082149315002,70,9.66339447170003
3,70,9.66339447170003,70,11.1559674503001
2,70,9.66339447170003,0,0
1,70,12.6485404288501,0,0
4,70,12.6485404288501,0,0
2,70,14.1411134074001,70,15.6336863859501
3,70,15.6336863859501,71,1.1262593644999
4,70,15.6336863859501,0,0
2,71,1.1262593644999,71,2.61883234304992
4,71,2.61883234304992,71,4.11140532164995
1,71,2.61883234304992,0,0
3,71,2.61883234304992,0,0
3,71,5.59164298630003,0,0
4,71,8.57678894345008,71,10.0693619220001
2,71,8.57678894345008,0,0
1,71,8.57678894345008,0,0
1,71,11.5619349005501,0,0
2,71,13.0545078790999,71,14.5470808576499
3,71,14.5470808576499,72,0.0396538361999319
4,71,14.5470808576499,0,0
1,71,14.5470808576499,0,0
1,72,0.0396538361999319,72,1.53222681479997
4,72,1.53222681479997,72,3.02479979334998
2,72,1.53222681479997,0,0
2,72,4.5173727719,72,6.00994575045002
3,72,4.5173727719,0,0
1,72,4.5173727719,0,0
3,72,7.50251872900003,72,8.99509170755005
4,72,7.50251872900003,0,0
1,72,10.4876646861501,72,11.9802376647001
2,72,10.4876646861501,0,0
4,72,10.4876646861501,0,0
3,72,13.4728106432501,0,0
1,73,0.457956600349917,73,1.95052957889993
2,73,0.457956600349917,0,0
4,73,0.457956600349917,0,0
3,73,3.44310255749997,0,0
2,73,4.93567553604998,73,6.4282485146
4,73,6.4282485146,73,7.92082149315002
3,73,6.4282485146,0,0
1,73,6.4282485146,0,0
1,73,7.92082149315002,73,9.41339447170003
3,73,9.41339447170003,73,10.9059674503001
2,73,9.41339447170003,0,0
4,73,12.3985404288501,0,0
1,73,12.3985404288501,0,0
2,73,13.8911134074001,73,15.3836863859501
4,73,15.3836863859501,74,0.876259364499901
1,73,15.3836863859501,0,0
3,74,0.876259364499901,74,2.36883234304992
1,74,2.36883234304992,74,3.84907000775002
2,74,2.36883234304992,0,0
4,74,2.36883234304992,0,0
4,74,5.34164298630003,0,0
1,74,8.32678894345008,74,9.8193619220001
3,74,8.32678894345008,0,0
2,74,8.32678894345008,0,0
4,74,11.3119349005501,0,0
2,74,12.8045078790999,74,14.2970808576499
4,74,14.2970808576499,74,15.7896538361999
1,74,14.2970808576499,0,0
3,74,14.2970808576499,0,0
3,74,15.7896538361999,75,1.28222681479997
1,75,1.28222681479997,75,2.77479979334998
2,75,1.28222681479997,0,0
2,75,4.2673727719,75,5.75994575045002
4,75,4.2673727719,0,0
3,75,4.2673727719,0,0
3,75,7.25251872900003,75,8.74509170755005
1,75,7.25251872900003,0,0
4,75,10.2376646861501,75,11.7302376647001
2,75,10.2376646861501,0,0
1,75,10.2376646861501,0,0
3,75,13.2228106432501,0,0
4,76,0.207956600349917,76,1.70052957889993
2,76,0.207956600349917,0,0
3,76,0.207956600349917,0,0
1,76,3.19310255749997,0,0
2,76,4.68567553604998,76,6.1782485146
1,76,6.1782485146,76,7.67082149315002
3,76,6.1782485146,0,0
4,76,6.1782485146,0,0
4,76,7.67082149315002,76,9.16339447170003
3,76,9.16339447170003,76,10.6559674503001
2,76,9.16339447170003,0,0
4,76,12.1485404288501,0,0
1,76,12.1485404288501,0,0
2,76,13.6411134074001,76,15.1336863859501
1,76,15.1336863859501,77,0.626259364499901
3,76,15.1336863859501,0,0
2,77,0.626259364499901,77,2.1064970292
3,77,2.1064970292,77,3.59907000775002
4,77,2.1064970292,0,0
1,77,5.09164298630003,0,0
3,77,8.07678894345008,77,9.5693619220001
2,77,11.0619349005501,0,0
4,77,12.5545078790999,77,14.0470808576499
1,77,14.0470808576499,77,15.5396538361999
3,77,15.5396538361999,78,1.03222681479997
2,78,1.03222681479997,78,2.52479979334998
4,78,1.03222681479997,0,0
4,78,4.0173727719,78,5.50994575045002
3,78,7.00251872900003,78,8.49509170755005
1,78,7.00251872900003,0,0
2,78,9.98766468615008,78,11.4802376647001
4,78,9.98766468615008,0,0
1,78,9.98766468615008,0,0
3,78,12.9728106432501,0,0
2,78,15.9579566003499,79,1.45052957889993
1,78,15.9579566003499,0,0
4,78,15.9579566003499,0,0
3,79,2.94310255749997,0,0
4,79,4.43567553604998,79,5.9282485146
2,79,5.9282485146,79,7.42082149315002
1,79,5.9282485146,0,0
3,79,7.42082149315002,79,8.91339447170003
1,79,8.91339447170003,79,10.4059674503001
4,79,8.91339447170003,0,0
2,79,8.91339447170003,0,0
3,79,11.8985404288501,0,0
4,79,11.8985404288501,0,0
2,79,13.3911134074001,79,14.8836863859501
4,79,14.8836863859501,80,0.363924050649985
1,79,14.8836863859501,0,0
3,80,0.363924050649985,80,1.8564970292
1,80,1.8564970292,80,3.34907000775002
2,80,1.8564970292,0,0
4,80,1.8564970292,0,0
4,80,4.84164298630003,0,0
1,80,7.82678894345008,80,9.3193619220001
3,80,7.82678894345008,0,0
2,80,7.82678894345008,0,0
4,80,10.8119349005501,0,0
2,80,12.3045078790999,80,13.7970808576499
4,80,13.7970808576499,80,15.2896538361999
3,80,13.7970808576499,0,0
1,80,13.7970808576499,0,0
1,80,15.2896538361999,81,0.782226814799969
3,81,0.782226814799969,81,2.27479979334998
2,81,0.782226814799969,0,0
2,81,3.7673727719,81,5.25994575045002
1,81,3.7673727719,0,0
4,81,3.7673727719,0,0
3,81,6.75251872900003,81,8.24509170755005
4,81,6.75251872900003,0,0
4,81,9.73766468615008,81,11.2302376647001
2,81,9.73766468615008,0,0
1,81,9.73766468615008,0,0
3,81,12.7228106432501,0,0
4,81,15.7079566003499,82,1.20052957889993
1,81,15.7079566003499,0,0
2,81,15.7079566003499,0,0
2,82,2.69310255749997,0,0
1,82,4.18567553604998,82,5.6782485146
4,82,5.6782485146,82,7.17082149315002
3,82,5.6782485146,0,0
2,82,5.6782485146,0,0
2,82,7.17082149315002,82,8.66339447170003
3,82,8.66339447170003,82,10.1559674503001
1,82,8.66339447170003,0,0
2,82,11.6485404288501,0,0
1,82,11.6485404288501,0,0
4,82,13.1411134074001,82,14.6213510721
2,82,14.6213510721,83,0.113924050649985
1,82,14.6213510721,0,0
3,83,0.113924050649985,83,1.6064970292
1,83,1.6064970292,83,3.09907000775002
4,83,1.6064970292,0,0
2,83,1.6064970292,0,0
2,83,4.59164298630003,0,0
1,83,7.57678894345008,83,9.0693619220001
4,83,7.57678894345008,0,0
3,83,7.57678894345008,0,0
2,83,10.5619349005501,83,12.0545078790999
3,83,10.5619349005501,0,0
4,83,12.0545078790999,83,13.5470808576499
1,83,13.5470808576499,83,15.0396538361999
3,83,13.5470808576499,0,0
2,83,13.5470808576499,0,0
2,83,15.0396538361999,84,0.532226814799969
4,84,0.532226814799969,0,0
1,84,3.5173727719,84,5.00994575045002
3,84,3.5173727719,0,0
2,84,3.5173727719,0,0
2,84,6.50251872900003,84,7.99509170755005
4,84,6.50251872900003,0,0
3,84,9.48766468615008,84,10.9802376647001
1,84,9.48766468615008,0,0
4,84,9.48766468615008,0,0
2,84,12.4728106432501,0,0
3,84,15.4579566003499,85,0.950529578899932
1,84,15.4579566003499,0,0
2,84,15.4579566003499,0,0
4,85,2.44310255749997,0,0
2,85,3.93567553604998,85,5.4282485146
1,85,5.4282485146,85,6.92082149315002
3,85,5.4282485146,0,0
4,85,5.4282485146,0,0
4,85,6.92082149315002,85,8.41339447170003
3,85,8.41339447170003,85,9.90596745030007
2,85,8.41339447170003,0,0
1,85,11.3985404288501,0,0
4,85,11.3985404288501,0,0
2,85,12.8787780934999,85,14.3713510721
4,85,14.3713510721,85,15.86392405065
3,85,14.3713510721,0,0
1,85,15.86392405065,86,1.3564970292
3,86,1.3564970292,86,2.84907000775002
2,86,1.3564970292,0,0
4,86,1.3564970292,0,0
4,86,4.34164298630003,0,0
3,86,7.32678894345008,86,8.8193619220001
2,86,7.32678894345008,0,0
1,86,7.32678894345008,0,0
4,86,10.3119349005501,0,0
2,86,11.8045078790999,86,13.2970808576499
4,86,13.2970808576499,86,14.7896538361999
1,86,13.2970808576499,0,0
3,86,13.2970808576499,0,0
3,86,14.7896538361999,87,0.282226814799969
1,87,0.282226814799969,87,1.77479979334998
2,87,0.282226814799969,0,0
2,87,3.2673727719,87,4.75994575045002
3,87,3.2673727719,0,0
4,87,3.2673727719,0,0
3,87,6.25251872900003,87,7.74509170755005
1,87,6.25251872900003,0,0
4,87,9.23766468615008,87,10.7302376647001
3,87,12.2228106432501,0,0
4,87,15.2079566003499,88,0.700529578899932
2,88,2.19310255749997,0,0
3,88,3.68567553604998,88,5.1782485146
1,88,5.1782485146,88,6.67082149315002
4,88,6.67082149315002,88,8.16339447170003
2,88,8.16339447170003,88,9.65596745030007
3,88,8.16339447170003,0,0
3,88,12.6287780934999,88,14.1213510721
1,88,14.1213510721,88,15.61392405065
4,88,14.1213510721,0,0
2,88,15.61392405065,89,1.1064970292
4,89,1.1064970292,89,2.59907000775002
2,89,4.09164298630003,0,0
4,89,7.07678894345008,89,8.5693619220001
1,89,10.0619349005501,0,0
3,89,11.5545078790999,89,13.0470808576499
4,89,13.0470808576499,89,14.5396538361999
1,89,14.5396538361999,90,0.0322268147999694
2,90,0.0322268147999694,90,1.52479979334998
3,90,0.0322268147999694,0,0
4,90,3.0173727719,90,4.50994575045002
3,90,6.00251872900003,90,7.49509170755005
1,90,6.00251872900003,0,0
4,90,8.98766468615008,0,0
2,90,8.98766468615008,0,0
3,90,11.9728106432501,0,0
1,91,1.94310255749997,0,0
2,91,3.43567553604998,0,0
3,91,4.9282485146,0,0
4,91,7.91339447170003,0,0
3,91,13.8713510721,0,0
2,91,15.36392405065,0,0
1,92,0.8564970292,0,0
2,92,3.84164298630003,0,0
3,92,9.81193490055011,0,0
2,92,11.3045078790999,0,0
1,92,12.7970808576499,0,0
3,92,15.7822268148,0,0
4,93,5.75251872900003,0,0
3,93,7.24509170755005,0,0
2,93,8.73766468615008,0,0
1,93,11.7228106432501,0,0
4,94,1.69310255749997,0,0
3,94,3.18567553604998,0,0
2,94,4.6782485146,0,0
3,94,7.65105915785011,0,0
2,94,13.6213510721,0,0
3,94,15.11392405065,0,0
4,95,0.6064970292,0,0
3,95,3.59164298630003,0,0
2,95,9.56193490055011,0,0
3,95,11.0545078790999,0,0
4,95,12.5470808576499,0,0
2,95,15.5322268148,0,0
3,96,5.50251872900003,0,0
2,96,6.99509170755005,0,0
1,96,8.48766468615008,0,0
4,96,11.4728106432501,0,0
3,97,1.44310255749997,0,0
2,97,2.93567553604998,0,0
1,97,4.4282485146,0,0
3,97,7.40105915785011,0,0
2,97,13.3713510721,0,0
3,97,14.86392405065,0,0
4,98,0.3564970292,0,0
3,98,3.34164298630003,0,0
2,98,9.31193490055011,0,0
3,98,10.8045078790999,0,0
4,98,12.2970808576499,0,0
2,98,15.2822268148,0,0
1,99,5.25251872900003,0,0
2,99,6.74509170755005,0,0
3,99,8.23766468615008,0,0
2,99,11.2228106432501,0,0
1,100,1.19310255749997,0,0
2,100,2.68567553604998,0,0
3,100,4.16591320075008,0,0
1,100,7.15105915785011,0,0
2,100,13.1213510721,0,0
3,100,14.61392405065,0,0
4,101,0.1064970292,0,0
1,101,3.09164298630003,0,0
2,101,9.06193490055011,0,0
3,101,10.5545078790999,0,0
4,101,12.0470808576499,0,0
2,101,15.0322268148,0,0
4,102,5.00251872900003,0,0
3,102,6.49509170755005,0,0
2,102,7.98766468615008,0,0
1,102,7.98766468615008,0,0
3,102,10.9728106432501,0,0
4,103,0.943102557499969,0,0
3,103,2.42334022215005,0,0
2,103,3.91591320075008,0,0
1,103,3.91591320075008,0,0
4,103,6.90105915785011,0,0
3,103,12.8713510721,0,0
2,103,14.36392405065,0,0
1,103,15.8564970292,0,0
3,103,15.8564970292,0,0
2,104,2.84164298630003,0,0
3,104,8.81193490055011,0,0
2,104,10.3045078790999,0,0
1,104,11.7970808576499,0,0
4,104,14.7822268148,0,0
2,105,4.75251872900003,0,0
3,105,6.24509170755005,0,0
4,105,7.73766468615008,0,0
2,105,7.73766468615008,0,0
1,105,10.7228106432501,0,0
2,106,0.68076724360003,0,0
3,106,2.17334022215005,0,0
4,106,3.66591320075008,0,0
2,106,3.66591320075008,0,0
3,106,6.65105915785011,0,0
1,106,12.6213510721,0,0
2,106,14.11392405065,0,0
3,106,15.6064970292,0,0
4,106,15.6064970292,0,0
2,107,2.59164298630003,0,0
3,107,8.56193490055011,0,0
2,107,10.0545078790999,0,0
1,107,11.5470808576499,0,0
4,107,14.5322268148,0,0
2,108,4.50251872900003,0,0
3,108,5.99509170755005,0,0
4,108,7.48766468615008,0,0
2,108,7.48766468615008,0,0
1,108,10.4728106432501,0,0
2,109,0.43076724360003,0,0
3,109,1.92334022215005,0,0
4,109,3.41591320075008,0,0
1,109,3.41591320075008,0,0
2,109,6.40105915785011,0,0
3,109,12.3713510721,0,0
2,109,13.86392405065,0,0
1,109,15.3564970292,0,0
4,109,15.3564970292,0,0
2,110,2.34164298630003,0,0
4,110,8.31193490055011,0,0
3,110,9.8045078790999,0,0
2,110,11.2970808576499,0,0
4,110,14.2822268148,0,0
3,110,15.77479979335,0,0
2,111,1.2673727719,0,0
4,111,4.25251872900003,0,0
3,111,5.74509170755005,0,0
2,111,7.23766468615008,0,0
1,111,10.2228106432501,0,0
2,112,0.18076724360003,0,0
3,112,1.67334022215005,0,0
4,112,3.16591320075008,0,0
2,112,3.16591320075008,0,0
1,112,6.15105915785011,0,0
2,112,12.1213510721,0,0
3,112,13.61392405065,0,0
4,112,15.1064970292,0,0
2,113,2.09164298630003,0,0
3,113,6.5693619220001,0,0
4,113,8.06193490055011,0,0
3,113,9.5545078790999,0,0
1,114,6.98766468615008,0,0
2,114,6.98766468615008,0,0
3,114,9.97281064325011,0,0
1,114,12.9456212865,0,0
2,114,12.9456212865,0,0
4,114,15.9307672436,0,0
1,115,2.91591320075008,0,0
2,115,2.91591320075008,0,0
3,115,5.90105915785011,0,0
1,115,8.88620511494992,0,0
2,115,8.88620511494992,0,0
4,115,11.8713510721,0,0
3,115,14.8564970292,0,0
1,115,14.8564970292,0,0
2,116,1.84164298630003,0,0
1,116,4.82678894345008,0,0
3,116,4.82678894345008,0,0
4,116,7.81193490055011,0,0
1,116,10.7970808576499,0,0
3,116,10.7970808576499,0,0
2,116,13.7822268148,0,0
1,117,0.7673727719,0,0
3,117,0.7673727719,0,0
4,117,3.75251872900003,0,0
2,117,6.73766468615008,0,0
3,117,6.73766468615008,0,0
1,117,9.71047532939997,0,0
2,117,12.6956212865,0,0
3,117,12.6956212865,0,0
4,117,15.6807672436,0,0
2,118,2.66591320075008,0,0
3,118,2.66591320075008,0,0
1,118,5.65105915785011,0,0
2,118,8.63620511494992,0,0
3,118,8.63620511494992,0,0
1,118,11.6213510721,0,0
2,118,14.6064970292,0,0
4,118,14.6064970292,0,0
3,119,1.59164298630003,0,0
2,119,4.57678894345008,0,0
4,119,4.57678894345008,0,0
1,119,7.56193490055011,0,0
2,119,10.5470808576499,0,0
4,119,10.5470808576499,0,0
3,119,13.5322268148,0,0
2,120,0.5173727719,0,0
4,120,0.5173727719,0,0
1,120,3.50251872900003,0,0
3,120,6.48766468615008,0,0
4,120,6.48766468615008,0,0
2,120,9.46047532939997,0,0
3,120,12.4456212865,0,0
4,120,12.4456212865,0,0
1,120,15.4307672436,0,0
3,121,2.41591320075008,0,0
4,121,2.41591320075008,0,0
2,121,5.40105915785011,0,0
3,121,8.38620511494992,0,0
4,121,8.38620511494992,0,0
1,121,11.3713510721,0,0
2,121,14.3564970292,0,0
4,121,14.3564970292,0,0
3,122,1.34164298630003,0,0
2,122,4.32678894345008,0,0
4,122,4.32678894345008,0,0
1,122,7.31193490055011,0,0
2,122,10.2970808576499,0,0
4,122,10.2970808576499,0,0
3,122,13.2822268148,0,0
2,123,0.2673727719,0,0
4,123,0.2673727719,0,0
1,123,3.25251872900003,0,0
2,123,6.22532937224992,0,0
3,123,6.22532937224992,0,0
4,123,9.21047532939997,0,0
2,123,12.1956212865,0,0
3,123,12.1956212865,0,0
1,123,15.1807672436,0,0
2,124,2.16591320075008,0,0
3,124,2.16591320075008,0,0
4,124,5.15105915785011,0,0
2,124,8.13620511494992,0,0
3,124,8.13620511494992,0,0
4,124,11.1213510721,0,0
1,124,14.1064970292,125,10.0470808576499
2,124,14.1064970292,125,10.0470808576499
3,124,14.1064970292,125,10.0470808576499
2,126,5.97532937224992,0,0
4,126,5.97532937224992,0,0
3,126,8.96047532939997,0,0
2,126,11.9456212865,0,0
4,126,11.9456212865,0,0
1,126,14.9307672436,0,0
2,127,1.91591320075008,0,0
4,127,1.91591320075008,0,0
3,127,4.90105915785011,0,0
2,127,7.88620511494992,0,0
4,127,7.88620511494992,0,0
1,127,10.8713510721,0,0
3,127,13.8564970292,0,0
4,127,13.8564970292,0,0
2,128,0.84164298630003,0,0
3,128,3.82678894345008,0,0
4,128,3.82678894345008,0,0
1,128,6.81193490055011,0,0
3,128,9.79708085764992,0,0
4,128,9.79708085764992,0,0
2,128,12.7822268148,0,0
3,128,15.7673727719,0,0
4,128,15.7673727719,0,0
1,129,2.74018341515011,0,0
2,129,5.72532937225014,0,0
3,129,5.72532937225014,0,0
1,129,8.7104753294002,0,0
2,129,11.6956212865002,0,0
3,129,11.6956212865002,0,0
4,129,14.6807672435998,0,0
2,130,1.66591320074986,0,0
3,130,1.66591320074986,0,0
1,130,4.65105915784989,0,0
2,130,7.63620511494992,0,0
3,130,7.63620511494992,0,0
4,130,10.6213510721,0,0
1,130,13.6064970292,0,0
3,130,13.6064970292,0,0
2,131,0.59164298630003,0,0
3,131,3.57678894345008,0,0
1,131,3.57678894345008,0,0
4,131,6.56193490055011,0,0
1,131,9.54708085765014,0,0
3,131,9.54708085765014,0,0
2,131,12.5322268148002,0,0
1,131,15.5173727719002,0,0
3,131,15.5173727719002,0,0
4,132,2.49018341515011,0,0
1,132,5.47532937225014,0,0
2,132,5.47532937225014,0,0
3,132,8.4604753294002,0,0
1,132,11.4456212865002,0,0
2,132,11.4456212865002,0,0
4,132,14.4307672435998,0,0
1,133,1.41591320074986,0,0
2,133,1.41591320074986,0,0
3,133,4.40105915784989,0,0
1,133,7.38620511494992,0,0
2,133,7.38620511494992,0,0
3,133,10.3713510721,0,0
1,133,13.3564970292,0,0
4,133,13.3564970292,0,0
2,134,0.34164298630003,0,0
4,134,3.32678894345008,0,0
1,134,3.32678894345008,0,0
3,134,6.31193490055011,0,0
1,134,9.29708085765014,0,0
4,134,9.29708085765014,0,0
2,134,12.2822268148002,0,0
4,134,15.2550374580501,0,0
1,134,15.2550374580501,0,0
3,135,2.24018341515011,0,0
2,135,5.22532937225014,0,0
4,135,5.22532937225014,0,0
1,135,8.2104753294002,0,0
2,135,11.1956212865002,0,0
4,135,11.1956212865002,0,0
3,135,14.1807672435998,0,0
2,136,1.16591320074986,0,0
4,136,1.16591320074986,0,0
1,136,4.15105915784989,0,0
2,136,7.13620511494992,0,0
4,136,7.13620511494992,0,0
3,136,10.1213510721,0,0
1,136,13.1064970292,0,0
2,136,13.1064970292,0,0
4,137,0.0916429863000303,0,0
1,137,3.07678894345008,0,0
2,137,3.07678894345008,0,0
3,137,6.06193490055011,0,0
1,137,9.04708085765014,0,0
2,137,9.04708085765014,0,0
4,137,12.0322268148002,0,0
1,137,15.0050374580501,0,0
2,137,15.0050374580501,0,0
3,138,1.99018341515011,0,0
1,138,4.97532937225014,0,0
4,138,4.97532937225014,0,0
1,138,10.9456212865002,0,0
2,138,15.4233402221498,0,0
3,139,0.915913200749856,0,0
4,139,2.40848617929987,0,0
3,139,3.90105915784989,0,0
2,139,8.37877809349993,0,0
3,139,9.87135107209997,0,0
4,139,11.36392405065,0,0
3,139,12.8564970292,0,0
3,140,2.82678894345008,0,0
2,140,7.30450787910013,0,0
1,140,8.79708085765014,0,0
2,140,10.2896538362002,0,0
3,140,11.7698915009,0,0
2,141,0.247610436600098,0,0
3,141,1.74018341515011,0,0
2,141,3.23275639370013,0,0
4,141,4.72532937225014,0,0
4,141,10.6956212865002,0,0
2,141,15.1733402221498,0,0
3,142,0.665913200749856,0,0
4,142,2.15848617929987,0,0
3,142,3.65105915784989,0,0
2,142,8.12877809349993,0,0
1,142,9.62135107209997,0,0
3,142,11.11392405065,0,0
2,142,12.6064970292,0,0
2,143,2.57678894345008,0,0
1,143,7.05450787910013,0,0
4,143,8.54708085765014,0,0
3,143,10.02731852235,0,0
2,143,11.5198915009,0,0
3,143,15.9976104366001,0,0
4,144,1.49018341515011,0,0
2,144,2.98275639370013,0,0
3,144,4.47532937225014,0,0
3,144,10.4456212865002,0,0
2,144,14.9233402221498,0,0
1,145,0.415913200749856,0,0
2,145,1.90848617929987,0,0
3,145,3.40105915784989,0,0
3,145,7.87877809349993,0,0
2,145,9.37135107209997,0,0
1,145,10.86392405065,0,0
3,145,12.3564970292,0,0
3,146,2.32678894345008,0,0
2,146,6.80450787910013,0,0
3,146,8.2847455438,0,0
4,146,9.77731852235001,0,0
2,146,11.2698915009,0,0
3,146,15.7476104366001,0,0
2,147,1.24018341515011,0,0
1,147,2.73275639370013,0,0
2,147,4.22532937225014,0,0
2,147,10.1956212865002,0,0
3,147,14.6733402221498,0,0
4,148,0.165913200749856,0,0
3,148,1.65848617929987,0,0
2,148,3.15105915784989,0,0
4,148,7.62877809349993,0,0
3,148,9.12135107209997,0,0
2,148,10.61392405065,0,0
4,148,12.1064970292,149,14.0050374580501
1,148,12.1064970292,149,14.0050374580501
3,148,12.1064970292,149,14.0050374580501
2,150,0.990183415150113,0,0
1,150,3.97532937225014,0,0
3,150,3.97532937225014,0,0
4,150,3.97532937225014,0,0
3,150,9.94562128650023,0,0
4,150,9.94562128650023,0,0
1,150,9.94562128650023,0,0
2,150,14.4233402221498,0,0
3,150,15.9159132007499,0,0
4,150,15.9159132007499,0,0
1,150,15.9159132007499,0,0
2,151,1.40848617929987,0,0
3,151,2.90105915784989,0,0
3,151,5.88620511494992,0,0
4,151,5.88620511494992,0,0
2,151,7.37877809349993,0,0
1,151,8.87135107209997,0,0
3,151,10.36392405065,0,0
2,151,11.8564970292,0,0
1,151,11.8564970292,0,0
4,151,11.8564970292,0,0
2,152,1.82678894345008,0,0
1,152,1.82678894345008,0,0
4,152,1.82678894345008,0,0
4,152,6.29217256524998,0,0
1,152,7.7847455438,0,0
2,152,7.7847455438,0,0
3,152,7.7847455438,0,0
4,152,9.27731852235001,0,0
3,152,10.7698915009,0,0
2,152,13.7550374580501,0,0
1,152,13.7550374580501,0,0
4,152,13.7550374580501,0,0
3,153,0.740183415150113,0,0
1,153,3.72532937225014,0,0
2,153,3.72532937225014,0,0
4,153,3.72532937225014,0,0
2,153,9.69562128650023,0,0
4,153,9.69562128650023,0,0
1,153,9.69562128650023,0,0
1,153,14.1733402221498,0,0
2,153,15.6659132007499,0,0
3,153,15.6659132007499,0,0
4,153,15.6659132007499,0,0
1,154,1.15848617929987,0,0
2,154,2.65105915784989,0,0
2,154,5.63620511494992,0,0
4,154,5.63620511494992,0,0
3,154,7.12877809349993,0,0
1,154,8.62135107209997,0,0
2,154,10.11392405065,0,0
3,154,11.6064970292,0,0
4,154,11.6064970292,0,0
1,154,11.6064970292,0,0
3,155,1.57678894345008,0,0
4,155,1.57678894345008,0,0
1,155,1.57678894345008,0,0
2,155,6.04217256524998,0,0
3,155,7.5347455438,0,0
4,155,7.5347455438,0,0
1,155,7.5347455438,0,0
2,155,9.02731852235001,0,0
3,155,10.5198915009,0,0
3,155,13.5050374580501,0,0
4,155,13.5050374580501,0,0
1,155,13.5050374580501,0,0
2,156,0.490183415150113,0,0
3,156,3.47532937225014,0,0
1,156,3.47532937225014,0,0
4,156,3.47532937225014,0,0
3,156,9.44562128650023,0,0
1,156,9.44562128650023,0,0
4,156,9.44562128650023,0,0
2,156,13.9233402221498,0,0
4,156,15.4159132007499,0,0
1,156,15.4159132007499,0,0
2,157,0.908486179299871,0,0
3,157,2.40105915784989,0,0
4,157,5.38620511494992,0,0
1,157,5.38620511494992,0,0
2,157,6.87877809349993,0,0
3,157,8.37135107209997,0,0
1,157,9.86392405064998,0,0
2,157,11.3564970292,0,0
4,157,11.3564970292,0,0
3,157,11.3564970292,0,0
2,158,1.31445362954992,0,0
4,158,1.31445362954992,0,0
3,158,1.31445362954992,0,0
3,158,5.79217256524998,0,0
2,158,7.2847455438,0,0
4,158,7.2847455438,0,0
1,158,7.2847455438,0,0
3,158,8.77731852235001,0,0
2,158,10.2698915009,0,0
2,158,13.2550374580501,0,0
4,158,13.2550374580501,0,0
3,158,13.2550374580501,0,0
3,159,0.240183415150113,0,0
1,159,3.22532937225014,0,0
2,159,3.22532937225014,0,0
4,159,3.22532937225014,0,0
1,159,9.19562128650023,0,0
2,159,9.19562128650023,0,0
4,159,9.19562128650023,0,0
3,159,13.6733402221498,0,0
1,159,15.1659132007499,0,0
2,159,15.1659132007499,0,0
4,159,15.1659132007499,0,0
3,160,0.658486179299871,0,0
4,160,2.15105915784989,0,0
1,160,5.13620511494992,0,0
2,160,5.13620511494992,0,0
4,160,6.62877809349993,0,0
3,160,8.12135107209997,0,0
4,160,9.61392405064998,0,0
3,160,11.1064970292,0,0
3,161,1.06445362954992,0,0
3,161,5.54217256524998,161,7.0347455438
4,161,7.0347455438,161,8.52731852235001
1,161,8.52731852235001,161,10.0198915009
2,161,10.0198915009,161,11.51246447945
3,161,13.0050374580501,161,15.9901834151501
4,161,13.0050374580501,0,0
1,161,13.0050374580501,0,0
1,161,15.9901834151501,162,2.97532937225014
4,162,2.97532937225014,0,0
2,162,2.97532937225014,162,4.46790235080016
3,162,2.97532937225014,0,0
3,162,5.9604753294002,0,0
4,162,8.94562128650023,0,0
2,162,8.94562128650023,162,10.4381942650498
1,162,11.9307672435998,0,0
3,162,13.4233402221498,162,14.9159132007499
2,162,14.9159132007499,0,0
4,162,14.9159132007499,163,0.408486179299871
1,162,14.9159132007499,0,0
1,163,0.408486179299871,163,1.90105915784989
3,163,1.90105915784989,0,0
2,163,1.90105915784989,163,3.3936321363999
1,163,4.88620511494992,0,0
4,163,4.88620511494992,0,0
3,163,6.37877809349993,163,7.87135107209997
2,163,7.87135107209997,0,0
4,163,7.87135107209997,163,9.36392405064998
3,163,9.36392405064998,163,10.8564970292
1,163,10.8564970292,0,0
2,163,10.8564970292,163,12.34907000775
4,163,10.8564970292,0,0
4,163,13.8293076724499,0,0
1,164,0.814453629549917,0,0
2,164,0.814453629549917,164,2.30702660809993
3,164,0.814453629549917,0,0
3,164,3.79959958669997,0,0
1,164,5.29217256524998,164,6.7847455438
4,164,6.7847455438,0,0
3,164,6.7847455438,164,8.27731852235001
2,164,6.7847455438,0,0
2,164,8.27731852235001,164,9.76989150090003
1,164,9.76989150090003,0,0
4,164,9.76989150090003,164,11.26246447945
2,164,12.7550374580501,0,0
3,164,12.7550374580501,164,14.2476104366001
1,164,12.7550374580501,0,0
4,164,15.7401834151501,0,0
2,164,15.7401834151501,165,1.23275639370013
3,165,2.72532937225014,0,0
1,165,2.72532937225014,165,4.21790235080016
4,165,2.72532937225014,0,0
2,165,5.7104753294002,0,0
4,165,8.69562128650023,0,0
1,165,8.69562128650023,165,10.1881942650498
3,165,8.69562128650023,0,0
3,165,11.6807672435998,0,0
2,165,13.1733402221498,165,14.6659132007499
1,165,14.6659132007499,0,0
3,165,14.6659132007499,166,0.158486179299871
4,165,14.6659132007499,0,0
4,166,0.158486179299871,166,1.65105915784989
2,166,1.65105915784989,0,0
3,166,1.65105915784989,166,3.1436321363999
1,166,4.63620511494992,0,0
4,166,4.63620511494992,0,0
2,166,6.12877809349993,166,7.62135107209997
4,166,7.62135107209997,0,0
3,166,7.62135107209997,166,9.11392405064998
2,166,9.11392405064998,166,10.6064970292
1,166,10.6064970292,0,0
4,166,10.6064970292,166,12.0867346938999
3,166,10.6064970292,0,0
3,166,13.5793076724499,0,0
2,167,0.564453629549917,0,0
4,167,0.564453629549917,167,2.05702660809993
3,167,0.564453629549917,0,0
1,167,3.54959958669997,0,0
2,167,5.04217256524998,167,6.5347455438
4,167,6.5347455438,0,0
3,167,6.5347455438,167,8.02731852235001
1,167,6.5347455438,0,0
1,167,8.02731852235001,167,9.51989150090003
2,167,9.51989150090003,0,0
4,167,9.51989150090003,167,11.01246447945
3,167,12.5050374580501,0,0
2,167,12.5050374580501,167,13.9976104366001
1,167,12.5050374580501,0,0
4,167,15.4901834151501,0,0
3,167,15.4901834151501,168,0.982756393700129
2,168,2.47532937225014,0,0
1,168,2.47532937225014,168,3.96790235080016
4,168,2.47532937225014,0,0
3,168,5.4604753294002,0,0
2,168,8.44562128650023,0,0
1,168,8.44562128650023,168,9.93819426504979
4,168,8.44562128650023,0,0
3,168,11.4307672435998,0,0
2,168,12.9233402221498,168,14.4159132007499
3,168,14.4159132007499,0,0
4,168,14.4159132007499,168,15.9084861792999
1,168,14.4159132007499,0,0
1,168,15.9084861792999,169,1.40105915784989
2,169,1.40105915784989,0,0
3,169,1.40105915784989,169,2.8936321363999
4,169,4.38620511494992,0,0
1,169,4.38620511494992,0,0
2,169,5.87877809349993,169,7.37135107209997
1,169,7.37135107209997,0,0
4,169,7.37135107209997,169,8.86392405064998
3,169,8.86392405064998,169,10.3441617153499
2,169,10.3441617153499,0,0
1,169,10.3441617153499,169,11.8367346938999
4,169,10.3441617153499,0,0
4,169,13.3293076724499,0,0
3,170,0.314453629549917,0,0
1,170,0.314453629549917,170,1.80702660809993
2,170,0.314453629549917,0,0
4,170,3.29959958669997,0,0
2,170,4.79217256524998,170,6.2847455438
1,170,6.2847455438,0,0
4,170,6.2847455438,170,7.77731852235001
3,170,6.2847455438,0,0
3,170,7.77731852235001,170,9.26989150090003
2,170,9.26989150090003,0,0
1,170,9.26989150090003,170,10.76246447945
4,170,12.2550374580501,0,0
2,170,12.2550374580501,170,13.7476104366001
3,170,12.2550374580501,0,0
1,170,15.2401834151501,0,0
3,170,15.2401834151501,171,0.732756393700129
2,171,2.22532937225014,0,0
4,171,2.22532937225014,171,3.71790235080016
1,171,2.22532937225014,0,0
3,171,5.2104753294002,0,0
2,171,8.19562128650023,0,0
4,171,8.19562128650023,171,9.68819426504979
1,171,8.19562128650023,0,0
1,171,11.1807672435998,0,0
2,171,12.6733402221498,171,14.1659132007499
3,171,14.1659132007499,0,0
1,171,14.1659132007499,171,15.6584861792999
4,171,14.1659132007499,0,0
4,171,15.6584861792999,172,1.15105915784989
2,172,1.15105915784989,0,0
3,172,1.15105915784989,172,2.6436321363999
4,172,4.13620511494992,0,0
1,172,4.13620511494992,0,0
2,172,5.62877809349993,172,7.12135107209997
3,172,7.12135107209997,0,0
1,172,7.12135107209997,172,8.60158873674982
2,172,8.60158873674982,172,10.0941617153499
4,172,10.0941617153499,0,0
3,172,10.0941617153499,172,11.5867346938999
1,172,10.0941617153499,0,0
1,172,13.0793076724499,0,0
3,173,0.0644536295499165,173,1.55702660809993
2,173,3.04959958669997,0,0
4,173,4.54217256524998,173,6.0347455438
1,173,6.0347455438,173,7.52731852235001
3,173,7.52731852235001,173,9.01989150090003
4,173,9.01989150090003,0,0
2,173,9.01989150090003,173,10.51246447945
4,173,12.0050374580501,173,13.4976104366001
1,173,14.9901834151501,0,0
3,173,14.9901834151501,174,0.482756393700129
1,174,1.97532937225014,0,0
4,174,1.97532937225014,0,0
2,174,1.97532937225014,174,3.46790235080016
3,174,4.9604753294002,0,0
1,174,7.94562128650023,0,0
2,174,7.94562128650023,174,9.43819426504979
4,174,7.94562128650023,0,0
3,174,10.9307672435998,0,0
4,174,12.4233402221498,174,13.9159132007499
1,174,13.9159132007499,0,0
2,174,13.9159132007499,174,15.4084861792999
3,174,13.9159132007499,0,0
3,174,15.4084861792999,175,0.901059157849886
4,175,0.901059157849886,0,0
1,175,0.901059157849886,175,2.3936321363999
3,175,3.88620511494992,0,0
4,175,3.88620511494992,0,0
2,175,5.37877809349993,175,6.8590157581998
1,175,6.8590157581998,0,0
4,175,6.8590157581998,175,8.35158873674982
3,175,8.35158873674982,175,9.84416171534986
2,175,9.84416171534986,0,0
1,175,9.84416171534986,175,11.3367346938999
4,175,9.84416171534986,0,0
4,175,12.8293076724499,0,0
3,175,15.8144536295499,0,0
1,175,15.8144536295499,176,1.30702660809993
2,175,15.8144536295499,0,0
4,176,2.79959958669997,0,0
2,176,4.29217256524998,176,5.7847455438
3,176,5.7847455438,0,0
4,176,5.7847455438,176,7.27731852235001
1,176,5.7847455438,0,0
1,176,7.27731852235001,176,8.76989150090003
2,176,8.76989150090003,0,0
3,176,8.76989150090003,176,10.26246447945
1,176,11.7550374580501,0,0
2,176,11.7550374580501,176,13.2476104366001
4,176,11.7550374580501,0,0
4,176,14.7401834151501,0,0
3,176,14.7401834151501,177,0.232756393700129
2,177,1.72532937225014,0,0
4,177,1.72532937225014,177,3.21790235080016
1,177,1.72532937225014,0,0
3,177,4.7104753294002,0,0
1,177,7.69562128650023,0,0
4,177,7.69562128650023,177,9.18819426504979
2,177,7.69562128650023,0,0
2,177,10.6807672435998,0,0
1,177,12.1733402221498,177,13.6659132007499
3,177,13.6659132007499,0,0
4,177,13.6659132007499,177,15.1584861792999
2,177,13.6659132007499,0,0
2,177,15.1584861792999,178,0.651059157849886
1,178,0.651059157849886,0,0
3,178,0.651059157849886,178,2.1436321363999
2,178,3.63620511494992,0,0
4,178,3.63620511494992,0,0
4,178,5.11644277964979,178,6.6090157581998
1,178,6.6090157581998,0,0
2,178,6.6090157581998,178,8.10158873674982
3,178,8.10158873674982,178,9.59416171534986
4,178,9.59416171534986,0,0
1,178,9.59416171534986,178,11.0867346938999
2,178,9.59416171534986,0,0
2,178,12.5793076724499,0,0
4,178,15.5644536295499,0,0
1,178,15.5644536295499,179,1.05702660809993
3,178,15.5644536295499,0,0
3,179,2.54959958669997,0,0
2,179,2.54959958669997,179,4.04217256524998
4,179,4.04217256524998,179,5.5347455438
3,179,5.5347455438,0,0
1,179,5.5347455438,179,7.02731852235001
2,179,5.5347455438,0,0
2,179,7.02731852235001,179,8.51989150090003
4,179,8.51989150090003,0,0
3,179,11.5050374580501,0,0
1,179,11.5050374580501,179,12.9976104366001
2,179,11.5050374580501,0,0
4,179,14.4901834151501,0,0
2,179,14.4901834151501,179,15.9827563937001
1,180,1.47532937225014,0,0
3,180,1.47532937225014,180,2.96790235080016
4,180,1.47532937225014,0,0
2,180,4.4604753294002,0,0
1,180,7.44562128650023,0,0
3,180,7.44562128650023,180,8.93819426504979
4,180,7.44562128650023,0,0
4,180,10.4307672435998,0,0
2,180,11.9233402221498,180,13.4159132007499
3,180,13.4159132007499,0,0
1,180,13.4159132007499,180,14.9084861792999
4,180,13.4159132007499,0,0
4,180,14.9084861792999,181,0.401059157849886
2,181,0.401059157849886,0,0
3,181,0.401059157849886,181,1.8936321363999
1,181,3.37386980110023,0,0
4,181,3.37386980110023,0,0
2,181,4.86644277964979,181,6.3590157581998
3,181,6.3590157581998,0,0
4,181,6.3590157581998,181,7.85158873674982
1,181,7.85158873674982,181,9.34416171534986
2,181,9.34416171534986,0,0
3,181,9.34416171534986,181,10.8367346938999
4,181,9.34416171534986,0,0
4,181,12.3293076724499,0,0
2,181,15.3144536295499,0,0
3,181,15.3144536295499,182,0.807026608099932
1,181,15.3144536295499,0,0
4,182,2.29959958669997,0,0
2,182,3.79217256524998,182,5.2847455438
1,182,5.2847455438,0,0
4,182,5.2847455438,182,6.77731852235001
3,182,5.2847455438,0,0
3,182,6.77731852235001,182,8.26989150090003
2,182,8.26989150090003,0,0
1,182,8.26989150090003,182,9.76246447945005
3,182,11.2550374580501,0,0
2,182,11.2550374580501,182,12.7476104366001
4,182,11.2550374580501,0,0
1,182,14.2401834151501,0,0
3,182,14.2401834151501,182,15.7327563937001
4,183,1.22532937225014,183,2.71790235080016
3,183,4.2104753294002,0,0
4,183,7.19562128650023,183,8.68819426504979
2,183,10.1807672435998,0,0
3,183,11.6733402221498,183,13.1659132007499
1,183,13.1659132007499,183,14.6584861792999
4,183,14.6584861792999,184,0.151059157849886
3,184,0.151059157849886,0,0
2,184,0.151059157849886,184,1.63129682255021
3,184,4.61644277964979,184,6.1090157581998
4,184,6.1090157581998,0,0
1,184,6.1090157581998,184,7.60158873674982
2,184,7.60158873674982,184,9.09416171534986
4,184,9.09416171534986,184,10.5867346938999
2,184,12.0793076724499,0,0
4,184,15.0644536295499,185,0.557026608099932
1,185,2.04959958669997,0,0
3,185,3.54217256524998,185,5.0347455438
4,185,5.0347455438,185,6.52731852235001
1,185,6.52731852235001,185,8.01989150090003
3,185,8.01989150090003,0,0
2,185,8.01989150090003,185,9.51246447945005
4,185,11.0050374580501,185,12.4976104366001
1,185,13.9901834151501,0,0
3,185,13.9901834151501,185,15.4827563937001
2,186,0.975329372250144,186,2.46790235080016
4,186,0.975329372250144,186,2.46790235080016
1,186,0.975329372250144,186,2.46790235080016