#(Lane, bar, beat, endbar, endbeat) Beat starts at bar 1 btw
1,1,0,0,0
1,1,4,0,0
1,1,8,0,0
1,1,12,0,0
1,2,0,0,0
1,2,4,0,0
1,2,8,0,0
1,2,12,0,0
1,3,0,0,0
1,3,4,0,0
1,3,8,0,0
1,3,12,0,0
1,4,0,0,0
1,4,4,0,0
1,4,8,0,0
1,4,12,0,0
1,5,0,0,0
1,5,4,0,0
1,5,8,0,0
1,5,12,0,0
1,6,0,0,0
1,6,4,0,0
1,6,8,0,0
1,6,12,0,0
1,7,0,0,0
1,7,4,0,0
1,7,8,0,0
1,7,12,0,0
1,8,0,0,0
1,8,4,0,0
1,8,8,0,0
1,8,12,0,0
1,9,0,0,0
1,9,4,0,0
1,9,8,0,0
1,9,12,0,0
1,10,0,0,0
1,10,4,0,0
1,10,8,0,0
1,10,12,0,0
1,11,0,0,0
1,11,4,0,0
1,11,8,0,0
1,11,12,0,0
1,12,0,0,0
1,12,4,0,0
1,12,8,0,0
1,12,12,0,0
1,13,0,0,0
1,13,4,0,0
1,13,8,0,0
1,13,12,0,0
1,14,0,0,0
1,14,4,0,0
1,14,8,0,0
1,14,12,0,0
1,15,0,0,0
1,15,4,0,0
1,15,8,0,0
1,15,12,0,0
1,16,0,0,0
1,16,4,0,0
1,16,8,0,0
1,16,12,0,0
1,17,0,0,0
1,17,4,0,0
1,17,8,0,0
1,17,12,0,0
1,18,0,0,0
1,18,4,0,0
1,18,8,0,0
1,18,12,0,0
1,19,0,0,0
1,19,4,0,0
1,19,8,0,0
1,19,12,0,0
1,20,0,0,0
1,20,4,0,0
1,20,8,0,0
1,20,12,0,0
1,21,0,0,0
1,21,4,0,0
1,21,8,0,0
1,21,12,0,0
1,22,0,0,0
1,22,4,0,0
1,22,8,0,0
1,22,12,0,0
1,23,0,0,0
1,23,4,0,0
1,23,8,0,0
1,23,12,0,0
1,24,0,0,0
1,24,4,0,0
1,24,8,0,0
1,24,12,0,0
1,25,0,0,0
1,25,4,0,0
1,25,8,0,0
1,25,12,0,0
1,26,0,0,0
1,26,4,0,0
1,26,8,0,0
1,26,12,0,0
1,27,0,0,0
1,27,4,0,0
1,27,8,0,0
1,27,12,0,0
1,28,0,0,0
1,28,4,0,0
1,28,8,0,0
1,28,12,0,0
1,29,0,0,0
1,29,4,0,0
1,29,8,0,0
1,29,12,0,0
1,30,0,0,0
1,30,4,0,0
1,30,8,0,0
1,30,12,0,0
1,31,0,0,0
1,31,4,0,0
1,31,8,0,0
1,31,12,0,0
1,32,0,0,0
1,32,4,0,0
1,32,8,0,0
1,32,12,0,0
1,33,0,0,0
1,33,4,0,0
1,33,8,0,0
1,33,12,0,0
1,34,0,0,0
1,34,4,0,0
1,34,8,0,0
1,34,12,0,0
1,35,0,0,0
1,35,4,0,0
1,35,8,0,0
1,35,12,0,0
1,36,0,0,0
1,36,4,0,0
1,36,8,0,0
1,36,12,0,0
1,37,0,0,0
1,37,4,0,0
1,37,8,0,0
1,37,12,0,0
1,38,0,0,0
1,38,4,0,0
1,38,8,0,0
1,38,12,0,0
1,39,0,0,0
1,39,4,0,0
1,39,8,0,0
1,39,12,0,0